1678710495200000000 1.000000 -0.000000 0.000000 -0.000000 0.000000 1.000000 0.000000 0.000000 -0.000000 0.000000 1.000000 0.000000 0.000000 0.000000 0.000000 1.000000
1678710495500000000 0.999722 -0.007600 0.022327 0.324053 0.007437 0.999945 0.007369 -0.001700 -0.022381 -0.007201 0.999724 1.300199 0.000000 0.000000 0.000000 1.000000
1678710496100000000 0.998816 0.002786 0.048568 0.351811 -0.002716 0.999995 -0.001508 0.161575 -0.048572 0.001374 0.998819 3.034514 0.000000 0.000000 0.000000 1.000000
1678710497200000000 0.995144 0.015007 0.097276 -0.199178 -0.009819 0.998514 -0.053595 1.248756 -0.097936 0.052380 0.993813 9.298398 0.000000 0.000000 0.000000 1.000000
1678710498000000000 0.993434 0.055939 0.099795 -0.805133 -0.050492 0.997136 -0.056300 1.807021 -0.102659 0.050891 0.993414 15.303164 0.000000 0.000000 0.000000 1.000000
1678710499700000000 0.995809 0.003260 0.091396 -3.998300 -0.000464 0.999532 -0.030596 1.903368 -0.091453 0.030426 0.995344 25.489338 0.000000 0.000000 0.000000 1.000000
1678710500900000000 0.987765 -0.015388 -0.155192 -3.194701 0.019173 0.999553 0.022923 1.344343 0.154770 -0.025618 0.987618 40.058182 0.000000 0.000000 0.000000 1.000000
1678710502100000000 0.865976 -0.045020 -0.498055 -0.196151 0.020183 0.998274 -0.055143 1.469415 0.499678 0.037700 0.865390 46.758682 0.000000 0.000000 0.000000 1.000000
1678710503100000000 0.695956 -0.029863 -0.717464 3.766260 0.024065 0.999544 -0.018261 1.624882 0.717681 -0.004557 0.696357 51.310051 0.000000 0.000000 0.000000 1.000000
1678710504200000000 0.505959 -0.075201 -0.859273 12.546163 0.000778 0.996232 -0.086729 1.421339 0.862557 0.043213 0.504111 57.327126 0.000000 0.000000 0.000000 1.000000
1678710504900000000 0.490192 -0.053205 -0.869989 18.845798 -0.036192 0.996032 -0.081306 1.730119 0.870862 0.071342 0.486322 60.756577 0.000000 0.000000 0.000000 1.000000
1678710505700000000 0.476012 0.012608 -0.879349 25.955688 -0.077648 0.996595 -0.027744 1.882447 0.876004 0.081486 0.475370 65.346230 0.000000 0.000000 0.000000 1.000000
1678710507000000000 0.418534 0.026904 -0.907803 37.129604 -0.096845 0.995184 -0.015156 2.785151 0.903023 0.094259 0.419124 71.266785 0.000000 0.000000 0.000000 1.000000
1678710507900000000 0.447404 0.012815 -0.894240 44.677738 -0.142002 0.988230 -0.056885 3.618820 0.882986 0.152435 0.443958 75.256050 0.000000 0.000000 0.000000 1.000000
1678710509000000000 0.365716 -0.028440 -0.930292 52.583443 -0.104137 0.992006 -0.071265 3.419847 0.924882 0.122941 0.359831 78.491341 0.000000 0.000000 0.000000 1.000000
1678710510100000000 0.273651 0.021932 -0.961579 61.368885 -0.094398 0.995526 -0.004158 3.749056 0.957185 0.091909 0.274497 81.049454 0.000000 0.000000 0.000000 1.000000
1678710511000000000 0.271127 0.075977 -0.959540 70.203545 -0.075727 0.995474 0.057425 3.996032 0.959560 0.057094 0.275653 84.197739 0.000000 0.000000 0.000000 1.000000
1678710512100000000 0.127295 0.053915 -0.990399 83.491692 -0.093901 0.994692 0.042080 4.625785 0.987410 0.087643 0.131682 86.833923 0.000000 0.000000 0.000000 1.000000
1678710512800000000 0.025396 0.049103 -0.998471 92.082481 -0.006232 0.998781 0.048960 4.492933 0.999658 0.004979 0.025672 87.763092 0.000000 0.000000 0.000000 1.000000
1678710513500000000 -0.087504 0.055421 -0.994621 100.340347 -0.024754 0.998022 0.057788 5.252569 0.995857 0.029677 -0.085959 87.559418 0.000000 0.000000 0.000000 1.000000
1678710514500000000 -0.274672 -0.003415 -0.961532 111.954277 -0.028219 0.999592 0.004511 5.813753 0.961124 0.028373 -0.274656 85.356018 0.000000 0.000000 0.000000 1.000000
1678710515300000000 -0.441067 0.042628 -0.896461 121.989952 -0.030659 0.997573 0.062521 6.267836 0.896950 0.055060 -0.438690 81.604767 0.000000 0.000000 0.000000 1.000000
1678710516100000000 -0.613368 -0.007882 -0.789758 130.637665 -0.062900 0.997261 0.038899 6.952609 0.787289 0.073535 -0.612184 76.323013 0.000000 0.000000 0.000000 1.000000
1678710516900000000 -0.713168 0.001468 -0.700991 138.521545 -0.035521 0.998637 0.038229 7.411503 0.700092 0.052163 -0.712144 69.685600 0.000000 0.000000 0.000000 1.000000
1678710518100000000 -0.744918 0.043378 -0.665744 149.092178 0.016063 0.998761 0.047103 8.454701 0.666963 0.024394 -0.744692 58.466377 0.000000 0.000000 0.000000 1.000000
1678710519200000000 -0.706925 -0.003099 -0.707281 158.650146 0.005483 0.999936 -0.009861 8.472375 0.707267 -0.010849 -0.706863 48.251118 0.000000 0.000000 0.000000 1.000000
1678710520000000000 -0.621493 -0.002342 -0.783417 166.254608 0.020675 0.999598 -0.019390 8.857183 0.783147 -0.028248 -0.621194 41.392971 0.000000 0.000000 0.000000 1.000000
1678710520700000000 -0.522262 -0.009700 -0.852730 173.618591 0.032309 0.998992 -0.031151 9.102164 0.852173 -0.043820 -0.521423 36.399349 0.000000 0.000000 0.000000 1.000000
1678710521400000000 -0.362797 -0.013824 -0.931766 181.267731 0.037197 0.998878 -0.029303 9.343343 0.931126 -0.045290 -0.361875 32.699173 0.000000 0.000000 0.000000 1.000000
1678710521700000000 -0.289928 -0.007471 -0.957019 184.673294 0.059474 0.997896 -0.025808 9.463290 0.955199 -0.064400 -0.288874 31.511747 0.000000 0.000000 0.000000 1.000000
1678710522700000000 0.062023 -0.014168 -0.997974 197.559128 0.081091 0.996665 -0.009110 9.798589 0.994775 -0.080361 0.062965 30.230450 0.000000 0.000000 0.000000 1.000000
1678710523100000000 0.186645 -0.012354 -0.982350 202.125580 0.072559 0.997363 0.001243 9.875464 0.979744 -0.071511 0.187049 30.845148 0.000000 0.000000 0.000000 1.000000
1678710524200000000 0.530149 -0.024685 -0.847545 213.878937 0.062934 0.997965 0.010300 10.080323 0.845566 -0.058800 0.530624 35.825397 0.000000 0.000000 0.000000 1.000000
1678710524900000000 0.723286 -0.035604 -0.689630 220.141785 0.060214 0.998118 0.011622 10.276001 0.687918 -0.049931 0.724069 40.872337 0.000000 0.000000 0.000000 1.000000
1678710525500000000 0.813724 -0.043101 -0.579651 224.780106 0.048719 0.998795 -0.005874 10.649845 0.579206 -0.023460 0.814844 46.312290 0.000000 0.000000 0.000000 1.000000
1678710526300000000 0.918967 -0.049202 -0.391254 228.939407 0.054837 0.998490 0.003234 11.027145 0.390504 -0.024427 0.920277 54.175468 0.000000 0.000000 0.000000 1.000000
1678710527400000000 0.977938 -0.063298 -0.199072 232.934082 0.069340 0.997316 0.023522 11.522326 0.197049 -0.036806 0.979702 67.437965 0.000000 0.000000 0.000000 1.000000
1678710528200000000 0.991175 -0.067745 -0.113939 234.498550 0.068022 0.997683 -0.001455 12.200447 0.113774 -0.006308 0.993487 77.977638 0.000000 0.000000 0.000000 1.000000
1678710529300000000 0.997901 -0.046927 -0.044629 235.676239 0.047464 0.998812 0.011055 13.384989 0.044057 -0.013150 0.998942 92.102074 0.000000 0.000000 0.000000 1.000000
1678710530000000000 0.998122 -0.053469 -0.029882 236.218002 0.053526 0.998566 0.001110 13.863364 0.029780 -0.002707 0.999553 101.428047 0.000000 0.000000 0.000000 1.000000
1678710530800000000 0.997051 -0.022414 -0.073398 236.923752 0.023674 0.999586 0.016343 14.380980 0.073001 -0.018032 0.997169 112.290932 0.000000 0.000000 0.000000 1.000000
1678710531500000000 0.997189 -0.034893 -0.066314 237.466888 0.034952 0.999389 -0.000271 14.992234 0.066283 -0.002047 0.997799 121.608788 0.000000 0.000000 0.000000 1.000000
1678710532500000000 0.997136 -0.073142 -0.019238 238.221405 0.073048 0.997313 -0.005550 15.654253 0.019593 0.004129 0.999800 135.100342 0.000000 0.000000 0.000000 1.000000
1678710533200000000 0.994062 -0.107095 -0.019245 238.541489 0.107385 0.994109 0.014681 15.827312 0.017560 -0.016660 0.999707 144.632721 0.000000 0.000000 0.000000 1.000000
1678710533900000000 0.996374 -0.079943 -0.029127 238.689651 0.080099 0.996778 0.004243 16.089039 0.028694 -0.006560 0.999567 153.222672 0.000000 0.000000 0.000000 1.000000
1678710534700000000 0.987625 -0.017144 -0.155895 239.680832 0.020100 0.999646 0.017404 16.417889 0.155542 -0.020322 0.987620 162.714218 0.000000 0.000000 0.000000 1.000000
1678710535400000000 0.944798 -0.006621 -0.327587 241.739563 0.016506 0.999488 0.027403 16.642023 0.327238 -0.031298 0.944423 170.661072 0.000000 0.000000 0.000000 1.000000
1678710536600000000 0.744892 0.054471 -0.664958 248.509903 0.012161 0.995388 0.095162 16.770340 0.667074 -0.078972 0.740794 181.585052 0.000000 0.000000 0.000000 1.000000
1678710537400000000 0.576130 0.084115 -0.813018 253.617111 0.015103 0.993425 0.113482 16.571829 0.817218 -0.077659 0.571072 186.195801 0.000000 0.000000 0.000000 1.000000
1678710538300000000 0.360484 0.113635 -0.925818 259.678070 0.003986 0.992355 0.123353 16.632954 0.932757 -0.048157 0.357275 189.605347 0.000000 0.000000 0.000000 1.000000
1678710539100000000 0.100394 0.137109 -0.985455 266.576263 0.015976 0.990110 0.139384 16.310194 0.994820 -0.029737 0.097210 191.124817 0.000000 0.000000 0.000000 1.000000
1678710540000000000 -0.164347 0.124548 -0.978508 273.638123 0.038916 0.992043 0.119734 16.565741 0.985635 -0.018402 -0.167887 190.752014 0.000000 0.000000 0.000000 1.000000
1678710540800000000 -0.410213 0.165823 -0.896788 281.210632 0.075264 0.986132 0.147916 16.386532 0.908879 -0.006819 -0.417005 187.868271 0.000000 0.000000 0.000000 1.000000
1678710541700000000 -0.573367 0.131751 -0.808636 288.388672 0.054830 0.990943 0.122577 16.927643 0.817462 0.025944 -0.575398 183.187195 0.000000 0.000000 0.000000 1.000000
1678710542500000000 -0.611587 0.100568 -0.784759 295.354095 0.023207 0.993742 0.109264 17.102894 0.790837 0.048613 -0.610094 178.313599 0.000000 0.000000 0.000000 1.000000
1678710543400000000 -0.633554 0.066611 -0.770825 302.806000 0.011953 0.997011 0.076333 17.662497 0.773606 0.039148 -0.632457 172.110458 0.000000 0.000000 0.000000 1.000000
1678710544200000000 -0.522632 0.054927 -0.850787 308.721771 0.018471 0.998418 0.053112 18.021194 0.852358 0.012043 -0.522819 168.117065 0.000000 0.000000 0.000000 1.000000
1678710545400000000 0.086697 0.049757 -0.994991 317.597473 0.055749 0.996945 0.054712 17.937433 0.994674 -0.060213 0.083658 165.824219 0.000000 0.000000 0.000000 1.000000
1678710546200000000 0.568781 0.026871 -0.822050 323.008270 0.074179 0.993717 0.083807 17.616920 0.819137 -0.108646 0.563215 168.152298 0.000000 0.000000 0.000000 1.000000
1678710547400000000 0.854616 0.000688 -0.519260 330.126312 0.014877 0.999556 0.025810 17.568476 0.519047 -0.029782 0.854227 176.348923 0.000000 0.000000 0.000000 1.000000
1678710548100000000 0.947705 -0.019779 -0.318533 333.015045 0.024071 0.999665 0.009542 17.564459 0.318238 -0.016710 0.947864 182.582474 0.000000 0.000000 0.000000 1.000000
1678710548700000000 0.997071 -0.023634 -0.072742 334.155518 0.024529 0.999634 0.011447 17.609362 0.072445 -0.013198 0.997285 188.375443 0.000000 0.000000 0.000000 1.000000
1678710549400000000 0.992411 -0.017847 0.121666 333.852814 0.021232 0.999421 -0.026590 17.696260 -0.121121 0.028972 0.992215 195.459152 0.000000 0.000000 0.000000 1.000000
1678710549700000000 0.982867 -0.019148 0.183320 333.446442 0.022480 0.999617 -0.016115 17.810568 -0.182941 0.019960 0.982921 198.309067 0.000000 0.000000 0.000000 1.000000
1678710550300000000 0.950778 -0.045136 0.306568 331.947906 0.059679 0.997485 -0.038225 17.992977 -0.304071 0.054639 0.951081 203.969559 0.000000 0.000000 0.000000 1.000000
1678710551000000000 0.879515 -0.062279 0.471779 329.372528 0.089612 0.995338 -0.035665 18.527159 -0.467358 0.073645 0.880995 210.649826 0.000000 0.000000 0.000000 1.000000
1678710551700000000 0.759641 -0.077894 0.645661 325.584167 0.138517 0.989400 -0.043606 19.032995 -0.635420 0.122560 0.762378 216.141296 0.000000 0.000000 0.000000 1.000000
1678710552300000000 0.715446 -0.062282 0.695887 321.558258 0.130207 0.990455 -0.045221 19.419712 -0.686428 0.122963 0.716727 220.488708 0.000000 0.000000 0.000000 1.000000
1678710553000000000 0.688990 -0.067773 0.721595 315.986938 0.126853 0.991526 -0.027996 19.980738 -0.713583 0.110825 0.691749 226.162689 0.000000 0.000000 0.000000 1.000000
1678710553400000000 0.681200 -0.067952 0.728937 312.416626 0.138165 0.989723 -0.036854 20.373394 -0.718941 0.125819 0.683588 229.470215 0.000000 0.000000 0.000000 1.000000
1678710554000000000 0.676740 -0.096166 0.729914 307.314575 0.155331 0.987765 -0.013878 20.778542 -0.719649 0.122770 0.683398 234.277145 0.000000 0.000000 0.000000 1.000000
1678710554700000000 0.659382 -0.075310 0.748026 300.819153 0.153120 0.987568 -0.035549 21.436651 -0.736050 0.137978 0.662716 240.202072 0.000000 0.000000 0.000000 1.000000
1678710555400000000 0.642938 -0.082103 0.761505 294.369873 0.169229 0.984894 -0.036691 22.161488 -0.746989 0.152459 0.647120 245.949158 0.000000 0.000000 0.000000 1.000000
1678710556200000000 0.627435 -0.061330 0.776250 286.498505 0.154757 0.986828 -0.047121 23.136854 -0.763135 0.149696 0.628662 252.530884 0.000000 0.000000 0.000000 1.000000
1678710556900000000 0.619902 -0.065494 0.781941 279.833740 0.159501 0.986224 -0.043844 23.960035 -0.768297 0.151900 0.621809 257.899384 0.000000 0.000000 0.000000 1.000000
1678710557600000000 0.644586 -0.029582 0.763959 273.630371 0.138892 0.987154 -0.078965 24.714172 -0.751810 0.157007 0.640415 263.104218 0.000000 0.000000 0.000000 1.000000
1678710558300000000 0.635639 -0.033505 0.771259 267.145355 0.132932 0.988885 -0.066598 25.481930 -0.760455 0.144858 0.633028 268.274353 0.000000 0.000000 0.000000 1.000000
1678710559100000000 0.640087 -0.050644 0.766631 259.026367 0.151688 0.986515 -0.061479 26.637608 -0.753179 0.155641 0.639138 275.108826 0.000000 0.000000 0.000000 1.000000
1678710559800000000 0.646632 -0.066995 0.759855 252.449417 0.144465 0.988864 -0.035753 27.335962 -0.748998 0.132891 0.649109 280.915070 0.000000 0.000000 0.000000 1.000000
1678710560500000000 0.637243 -0.072117 0.767281 246.256577 0.159370 0.986422 -0.039646 28.004002 -0.754004 0.147546 0.640084 286.093933 0.000000 0.000000 0.000000 1.000000
1678710561200000000 0.659568 -0.063005 0.748999 239.255188 0.150260 0.987419 -0.049259 29.143368 -0.736472 0.145034 0.660737 292.259705 0.000000 0.000000 0.000000 1.000000
1678710561900000000 0.697594 -0.079352 0.712085 233.059647 0.151977 0.987621 -0.038828 30.096836 -0.700189 0.135307 0.701018 298.231171 0.000000 0.000000 0.000000 1.000000
1678710562300000000 0.707611 -0.073530 0.702766 229.294281 0.145493 0.988421 -0.043078 30.612083 -0.691461 0.132729 0.710116 301.915710 0.000000 0.000000 0.000000 1.000000
1678710562700000000 0.723254 -0.087276 0.685045 225.762115 0.141474 0.989668 -0.023278 30.945927 -0.675935 0.113752 0.728129 305.549103 0.000000 0.000000 0.000000 1.000000
1678710563000000000 0.737874 -0.092022 0.668635 223.320236 0.168121 0.984496 -0.050038 31.255117 -0.653664 0.149333 0.741905 308.081451 0.000000 0.000000 0.000000 1.000000
1678710563700000000 0.759230 -0.097219 0.643521 217.554337 0.158685 0.986591 -0.038170 31.956728 -0.631181 0.131096 0.764476 314.811951 0.000000 0.000000 0.000000 1.000000
1678710564500000000 0.788916 -0.079965 0.609276 210.864319 0.139656 0.988884 -0.051045 32.826496 -0.598421 0.125359 0.791313 322.927765 0.000000 0.000000 0.000000 1.000000
1678710565100000000 0.820731 -0.064464 0.567667 205.722397 0.113673 0.992173 -0.051676 33.438602 -0.559893 0.106941 0.821635 329.903076 0.000000 0.000000 0.000000 1.000000
1678710565500000000 0.830416 -0.073386 0.552290 202.535522 0.115458 0.992435 -0.041731 33.864098 -0.545050 0.098421 0.832607 334.638184 0.000000 0.000000 0.000000 1.000000
1678710566100000000 0.852241 -0.058309 0.519890 197.750076 0.109101 0.991728 -0.067617 34.348164 -0.511647 0.114347 0.851553 342.301331 0.000000 0.000000 0.000000 1.000000
1678710566800000000 0.887507 -0.043607 0.458727 192.955994 0.081272 0.994719 -0.062679 34.883541 -0.453571 0.092910 0.886364 350.492401 0.000000 0.000000 0.000000 1.000000
1678710567500000000 0.914361 -0.044116 0.402489 188.830658 0.073773 0.995559 -0.058475 35.403450 -0.398122 0.083161 0.913555 359.045654 0.000000 0.000000 0.000000 1.000000
1678710568200000000 0.929516 -0.048484 0.365582 185.055054 0.073625 0.995761 -0.055137 35.831619 -0.361359 0.078166 0.929145 367.462158 0.000000 0.000000 0.000000 1.000000
1678710568500000000 0.936145 -0.030353 0.350302 183.595444 0.048696 0.997859 -0.043670 35.933071 -0.348226 0.057939 0.935618 371.043854 0.000000 0.000000 0.000000 1.000000
1678710569500000000 0.936381 -0.065903 0.344742 178.725922 0.082909 0.995949 -0.034807 36.201786 -0.341052 0.061175 0.938052 384.190979 0.000000 0.000000 0.000000 1.000000
1678710570200000000 0.951175 -0.065180 0.301692 175.924866 0.076292 0.996767 -0.025183 36.433769 -0.299075 0.046971 0.953073 392.611450 0.000000 0.000000 0.000000 1.000000
1678710570900000000 0.958637 -0.000360 0.284632 173.153717 0.019459 0.997742 -0.064276 36.617100 -0.283966 0.067156 0.956480 400.435699 0.000000 0.000000 0.000000 1.000000
1678710571600000000 0.956289 0.037198 0.290049 170.572540 -0.019429 0.997767 -0.063905 36.824501 -0.291778 0.055476 0.954876 408.114899 0.000000 0.000000 0.000000 1.000000
1678710572000000000 0.947866 0.038713 0.316308 168.864639 -0.022376 0.998229 -0.055121 36.866905 -0.317882 0.045169 0.947054 412.794708 0.000000 0.000000 0.000000 1.000000
1678710572400000000 0.957842 0.015918 0.286853 167.242874 -0.010381 0.999730 -0.020812 36.774330 -0.287107 0.016957 0.957748 417.596893 0.000000 0.000000 0.000000 1.000000
1678710573000000000 0.970067 -0.030004 0.240976 165.436600 0.036859 0.999032 -0.023990 36.674259 -0.240023 0.032154 0.970235 424.580872 0.000000 0.000000 0.000000 1.000000
1678710573700000000 0.982072 -0.031515 0.185854 163.656815 0.035095 0.999256 -0.016000 36.618328 -0.185212 0.022236 0.982447 433.601654 0.000000 0.000000 0.000000 1.000000
1678710574000000000 0.984748 -0.044821 0.168116 162.876328 0.050243 0.998341 -0.028136 36.585682 -0.166576 0.036153 0.985366 437.365417 0.000000 0.000000 0.000000 1.000000
1678710574700000000 0.986315 -0.064302 0.151815 161.506943 0.065713 0.997829 -0.004289 36.473240 -0.151209 0.014206 0.988400 446.803101 0.000000 0.000000 0.000000 1.000000
1678710575100000000 0.989387 -0.049004 0.136789 160.592148 0.051212 0.998607 -0.012667 36.418888 -0.135978 0.019538 0.990519 452.295380 0.000000 0.000000 0.000000 1.000000
1678710575800000000 0.988150 -0.055274 0.143191 159.392960 0.056545 0.998388 -0.004820 36.212299 -0.142694 0.012860 0.989683 461.384064 0.000000 0.000000 0.000000 1.000000
1678710576500000000 0.988177 -0.056911 0.142364 157.975800 0.051247 0.997754 0.043141 35.916637 -0.144499 -0.035335 0.988874 470.471863 0.000000 0.000000 0.000000 1.000000
1678710577200000000 0.986952 -0.044718 0.154683 156.400101 0.043472 0.998989 0.011432 35.492863 -0.155038 -0.004558 0.987898 479.466736 0.000000 0.000000 0.000000 1.000000
1678710577500000000 0.987575 -0.061605 0.144567 155.902069 0.060048 0.998081 0.015115 35.280930 -0.145221 -0.006247 0.989380 483.046967 0.000000 0.000000 0.000000 1.000000
1678710578200000000 0.990532 -0.056295 0.125212 154.596298 0.055059 0.998394 0.013318 34.847755 -0.125761 -0.006298 0.992041 492.035858 0.000000 0.000000 0.000000 1.000000
1678710579000000000 0.994247 -0.049665 0.094901 153.316162 0.049350 0.998765 0.005664 34.427238 -0.095066 -0.000948 0.995471 502.691223 0.000000 0.000000 0.000000 1.000000
1678710579700000000 0.994663 -0.056155 0.086562 152.476868 0.055674 0.998417 0.007962 34.001007 -0.086873 -0.003100 0.996215 511.250183 0.000000 0.000000 0.000000 1.000000
1678710580400000000 0.996445 -0.016354 0.082644 151.753998 0.015605 0.999831 0.009706 33.515575 -0.082789 -0.008382 0.996532 519.047729 0.000000 0.000000 0.000000 1.000000
1678710580800000000 0.997818 -0.017136 0.063765 151.410187 0.017313 0.999848 -0.002224 33.329876 -0.063717 0.003323 0.997962 523.742676 0.000000 0.000000 0.000000 1.000000
1678710581500000000 0.997020 -0.036546 0.067933 150.720123 0.035323 0.999193 0.019125 32.946316 -0.068577 -0.016669 0.997507 531.258606 0.000000 0.000000 0.000000 1.000000
1678710581900000000 0.997811 -0.033942 0.056759 150.404007 0.032960 0.999292 0.018148 32.763069 -0.057334 -0.016237 0.998223 535.417480 0.000000 0.000000 0.000000 1.000000
1678710582200000000 0.998782 -0.030923 0.038442 150.246002 0.030433 0.999449 0.013247 32.638515 -0.038831 -0.012061 0.999173 537.926208 0.000000 0.000000 0.000000 1.000000
1678710582900000000 0.998550 -0.051368 0.016073 150.087936 0.051391 0.998678 -0.001034 32.244694 -0.015999 0.001858 0.999870 544.157593 0.000000 0.000000 0.000000 1.000000
1678710583600000000 0.998511 -0.046799 0.028034 149.911606 0.046741 0.998903 0.002719 31.923716 -0.028131 -0.001404 0.999603 549.845276 0.000000 0.000000 0.000000 1.000000
1678710584400000000 0.999221 -0.013943 0.036910 149.623062 0.014922 0.999541 -0.026374 31.872736 -0.036526 0.026905 0.998970 555.204834 0.000000 0.000000 0.000000 1.000000
1678710585100000000 0.989489 -0.024296 0.142552 149.234116 0.027592 0.999395 -0.021187 31.869041 -0.141951 0.024897 0.989561 559.127075 0.000000 0.000000 0.000000 1.000000
1678710585800000000 0.901156 -0.004963 0.433466 148.022797 0.016607 0.999596 -0.023081 31.965366 -0.433176 0.027998 0.900874 562.644531 0.000000 0.000000 0.000000 1.000000
1678710586500000000 0.703250 0.008274 0.710894 145.585129 -0.026825 0.999529 0.014904 31.903582 -0.710436 -0.029551 0.703141 565.526184 0.000000 0.000000 0.000000 1.000000
1678710587200000000 0.510292 -0.009852 0.859945 142.443665 0.002115 0.999946 0.010200 32.011589 -0.859998 -0.003386 0.510285 567.928467 0.000000 0.000000 0.000000 1.000000
1678710588000000000 0.361699 -0.038892 0.931483 136.595871 -0.027842 0.998233 0.052490 31.563065 -0.931879 -0.044920 0.359977 570.246948 0.000000 0.000000 0.000000 1.000000
1678710588700000000 0.363327 -0.069969 0.929031 131.616592 -0.018407 0.996442 0.082245 31.198473 -0.931480 -0.046982 0.360746 572.198242 0.000000 0.000000 0.000000 1.000000
1678710589400000000 0.352277 -0.077682 0.932666 126.163902 -0.016549 0.995876 0.089197 30.873888 -0.935750 -0.046857 0.349538 574.270264 0.000000 0.000000 0.000000 1.000000
1678710590100000000 0.349122 -0.095383 0.932210 120.033340 -0.002491 0.994708 0.102710 30.614365 -0.937074 -0.038181 0.347037 576.628113 0.000000 0.000000 0.000000 1.000000
1678710590800000000 0.353484 -0.060561 0.933478 113.699608 0.012324 0.998117 0.060087 30.474722 -0.935359 -0.009735 0.353565 578.936768 0.000000 0.000000 0.000000 1.000000
1678710591100000000 0.365839 -0.071983 0.927890 111.221169 -0.004137 0.996869 0.078966 30.366077 -0.930669 -0.032728 0.364396 580.134521 0.000000 0.000000 0.000000 1.000000
1678710591500000000 0.356809 -0.080332 0.930717 107.437729 -0.009559 0.995930 0.089625 30.142107 -0.934128 -0.040876 0.354589 581.460327 0.000000 0.000000 0.000000 1.000000
1678710592200000000 0.355557 -0.082814 0.930978 101.101021 -0.003185 0.995954 0.089811 29.831915 -0.934649 -0.034898 0.353855 583.759583 0.000000 0.000000 0.000000 1.000000
1678710592600000000 0.352414 -0.066536 0.933476 97.366722 -0.006119 0.997284 0.073395 29.702656 -0.935824 -0.031577 0.351050 585.077271 0.000000 0.000000 0.000000 1.000000
1678710593300000000 0.353605 -0.063488 0.933238 91.220284 -0.010976 0.997344 0.072008 29.386080 -0.935331 -0.035705 0.351968 587.260193 0.000000 0.000000 0.000000 1.000000
1678710593900000000 0.346490 -0.053629 0.936520 86.488235 0.008875 0.998507 0.053895 29.152414 -0.938012 -0.010363 0.346448 588.997314 0.000000 0.000000 0.000000 1.000000
1678710594600000000 0.349577 -0.051335 0.935500 81.269798 0.017180 0.998681 0.048382 28.899008 -0.936750 -0.000841 0.349998 590.960205 0.000000 0.000000 0.000000 1.000000
1678710594900000000 0.343382 -0.050797 0.937821 79.342247 0.017692 0.998709 0.047617 28.827587 -0.939029 0.000241 0.343837 591.653320 0.000000 0.000000 0.000000 1.000000
1678710595600000000 0.361288 -0.061841 0.930401 74.958374 0.013177 0.998037 0.061220 28.603172 -0.932361 -0.009858 0.361394 593.376160 0.000000 0.000000 0.000000 1.000000
1678710596300000000 0.361288 -0.067801 0.929986 71.045967 0.035107 0.997635 0.059094 28.510605 -0.931793 0.011299 0.362814 594.953247 0.000000 0.000000 0.000000 1.000000
1678710596600000000 0.361114 -0.054380 0.930935 69.644028 0.022686 0.998515 0.049528 28.457832 -0.932246 0.003234 0.361811 595.478210 0.000000 0.000000 0.000000 1.000000
1678710597300000000 0.198355 -0.056400 0.978506 66.420578 0.030861 0.998207 0.051280 28.482149 -0.979644 0.020027 0.199740 596.313782 0.000000 0.000000 0.000000 1.000000
1678710598000000000 -0.150596 -0.057433 0.986926 63.220230 0.002377 0.998287 0.058456 28.693069 -0.988593 0.011149 -0.150202 596.235779 0.000000 0.000000 0.000000 1.000000
1678710598800000000 -0.616163 -0.074297 0.784106 59.300323 -0.031288 0.997064 0.069889 28.821253 -0.786997 0.018530 -0.616679 594.417786 0.000000 0.000000 0.000000 1.000000
1678710599100000000 -0.750480 -0.088519 0.654939 58.435448 -0.048058 0.995676 0.079503 28.989029 -0.659144 0.028190 -0.751488 593.193481 0.000000 0.000000 0.000000 1.000000
1678710599900000000 -0.919641 -0.070147 0.386445 55.394566 -0.052700 0.997063 0.055573 29.151655 -0.389208 0.030741 -0.920637 588.340149 0.000000 0.000000 0.000000 1.000000
1678710600600000000 -0.955344 -0.049280 0.291357 53.650772 -0.045497 0.998769 0.019749 29.153931 -0.291972 0.005611 -0.956410 583.301270 0.000000 0.000000 0.000000 1.000000
1678710601300000000 -0.972840 -0.056367 0.224511 52.539829 -0.048287 0.997978 0.041324 29.162323 -0.226386 0.029361 -0.973595 578.162598 0.000000 0.000000 0.000000 1.000000
1678710602000000000 -0.991466 -0.028310 0.127253 51.639816 -0.020811 0.997989 0.059882 29.571589 -0.128692 0.056723 -0.990061 572.420349 0.000000 0.000000 0.000000 1.000000
1678710602600000000 -0.997606 -0.047614 0.050154 51.277874 -0.044282 0.996864 0.065577 29.762993 -0.053119 0.063199 -0.996586 568.193909 0.000000 0.000000 0.000000 1.000000
1678710603400000000 -0.997594 -0.032547 -0.061215 51.336720 -0.035107 0.998533 0.041226 30.055332 0.059783 0.043275 -0.997273 561.632385 0.000000 0.000000 0.000000 1.000000
1678710604100000000 -0.989974 -0.022846 -0.139391 51.853001 -0.028706 0.998780 0.040170 30.265873 0.138303 0.043768 -0.989422 556.347717 0.000000 0.000000 0.000000 1.000000
1678710604400000000 -0.986340 -0.018968 -0.163624 52.299465 -0.024892 0.999104 0.034235 30.354029 0.162828 0.037841 -0.985929 554.195923 0.000000 0.000000 0.000000 1.000000
1678710605100000000 -0.973560 -0.007389 -0.228310 53.296047 -0.017863 0.998879 0.043847 30.526508 0.227730 0.046766 -0.972601 549.024902 0.000000 0.000000 0.000000 1.000000
1678710605800000000 -0.963052 -0.003482 -0.269292 54.823418 -0.012768 0.999382 0.032741 30.785517 0.269012 0.034970 -0.962502 543.226318 0.000000 0.000000 0.000000 1.000000
1678710606500000000 -0.959259 -0.005764 -0.282469 56.411217 -0.009562 0.999881 0.012067 30.988060 0.282366 0.014277 -0.959200 537.538086 0.000000 0.000000 0.000000 1.000000
1678710606900000000 -0.952881 0.003694 -0.303321 57.488560 0.002736 0.999990 0.003585 31.007427 0.303332 0.002586 -0.952882 534.283691 0.000000 0.000000 0.000000 1.000000
1678710607600000000 -0.943502 0.015515 -0.331003 59.452419 0.008536 0.999710 0.022526 31.027763 0.331256 0.018428 -0.943361 528.910278 0.000000 0.000000 0.000000 1.000000
1678710608300000000 -0.938373 0.011817 -0.345421 61.342773 0.003912 0.999714 0.023574 31.109314 0.345601 0.020770 -0.938152 523.537781 0.000000 0.000000 0.000000 1.000000
1678710609300000000 -0.939585 0.020879 -0.341678 63.909607 0.009367 0.999333 0.035309 31.136837 0.342187 0.029975 -0.939154 516.793823 0.000000 0.000000 0.000000 1.000000
1678710610000000000 -0.945154 0.025746 -0.325609 65.394470 0.006926 0.998244 0.058828 31.226303 0.326552 0.053346 -0.943673 512.695068 0.000000 0.000000 0.000000 1.000000
1678710610700000000 -0.943629 0.053042 -0.326728 66.950066 0.037177 0.997815 0.054616 31.344004 0.328911 0.039391 -0.943539 508.568573 0.000000 0.000000 0.000000 1.000000
1678710611400000000 -0.942719 0.085410 -0.322470 68.437180 0.077458 0.996293 0.037435 31.547497 0.324471 0.010313 -0.945839 504.341949 0.000000 0.000000 0.000000 1.000000
1678710612100000000 -0.948184 0.056789 -0.312606 69.864037 0.067092 0.997498 -0.022294 31.603645 0.310558 -0.042112 -0.949621 499.521942 0.000000 0.000000 0.000000 1.000000
1678710612800000000 -0.957994 0.046419 -0.283008 71.416527 0.048027 0.998845 0.001258 31.531223 0.282740 -0.012387 -0.959117 494.217407 0.000000 0.000000 0.000000 1.000000
1678710613600000000 -0.960748 0.045831 -0.273612 73.333450 0.052289 0.998498 -0.016354 31.345512 0.272452 -0.030019 -0.961701 487.965393 0.000000 0.000000 0.000000 1.000000
1678710614300000000 -0.965544 0.028616 -0.258661 75.024315 0.035740 0.999099 -0.022878 31.217121 0.257774 -0.031335 -0.965697 482.245605 0.000000 0.000000 0.000000 1.000000
1678710615000000000 -0.973982 0.000589 -0.226625 76.499596 0.006271 0.999684 -0.024353 31.167034 0.226539 -0.025140 -0.973678 476.209839 0.000000 0.000000 0.000000 1.000000
1678710615400000000 -0.974965 0.009961 -0.222134 77.472946 0.015165 0.999649 -0.021736 31.090799 0.221839 -0.024561 -0.974774 472.526337 0.000000 0.000000 0.000000 1.000000
1678710616100000000 -0.979779 0.006322 -0.199983 78.695839 0.010727 0.999723 -0.020950 30.870571 0.199795 -0.022671 -0.979575 466.196106 0.000000 0.000000 0.000000 1.000000
1678710616900000000 -0.981986 0.001086 -0.188953 80.391678 -0.001677 0.999894 0.014464 30.854700 0.188948 0.014520 -0.981880 458.465485 0.000000 0.000000 0.000000 1.000000
1678710618000000000 -0.988965 -0.001167 -0.148143 82.179176 0.000045 0.999967 -0.008179 30.559980 0.148147 -0.008096 -0.988932 447.672455 0.000000 0.000000 0.000000 1.000000
1678710618700000000 -0.993210 -0.003328 -0.116288 83.162903 -0.004159 0.999967 0.006911 30.450815 0.116261 0.007348 -0.993192 441.531860 0.000000 0.000000 0.000000 1.000000
1678710619500000000 -0.994546 -0.011231 -0.103691 84.116043 -0.011161 0.999937 -0.001258 30.287807 0.103698 -0.000094 -0.994609 432.536865 0.000000 0.000000 0.000000 1.000000
1678710620200000000 -0.996303 0.017464 -0.084121 84.778313 0.018125 0.999810 -0.007106 29.913628 0.083981 -0.008605 -0.996430 425.262482 0.000000 0.000000 0.000000 1.000000
1678710620900000000 -0.998174 0.016143 -0.058204 85.343994 0.016244 0.999867 -0.001271 29.647207 0.058176 -0.002215 -0.998304 418.382599 0.000000 0.000000 0.000000 1.000000
1678710621600000000 -0.999222 0.011773 -0.037650 85.634430 0.011749 0.999931 0.000867 29.457951 0.037658 0.000424 -0.999291 411.968018 0.000000 0.000000 0.000000 1.000000
1678710622300000000 -0.999124 0.008001 -0.041088 85.913284 0.006995 0.999673 0.024585 29.445978 0.041271 0.024276 -0.998853 405.493439 0.000000 0.000000 0.000000 1.000000
1678710623000000000 -0.999162 0.008126 -0.040107 86.217621 0.007624 0.999891 0.012651 29.256884 0.040206 0.012334 -0.999115 399.965790 0.000000 0.000000 0.000000 1.000000
1678710623700000000 -0.999553 0.022796 0.019357 86.390175 0.023640 0.998727 0.044561 29.200268 -0.018316 0.044998 -0.998819 395.069275 0.000000 0.000000 0.000000 1.000000
1678710624100000000 -0.995432 0.031513 0.090124 86.141273 0.033785 0.999146 0.023790 29.160421 -0.089297 0.026726 -0.995646 392.479279 0.000000 0.000000 0.000000 1.000000
1678710624900000000 -0.937796 0.048365 0.343802 85.150238 0.031117 0.997973 -0.055514 28.899719 -0.345790 -0.041363 -0.937400 388.127167 0.000000 0.000000 0.000000 1.000000
1678710626100000000 -0.494329 -0.005884 0.869255 80.795105 0.014948 0.999772 0.015268 29.114620 -0.869147 0.020541 -0.494128 383.380554 0.000000 0.000000 0.000000 1.000000
1678710627300000000 -0.007505 -0.046161 0.998906 73.695854 0.039547 0.998139 0.046423 29.225529 -0.999190 0.039852 -0.005665 382.200195 0.000000 0.000000 0.000000 1.000000
1678710628100000000 -0.029993 -0.069072 0.997161 67.814629 0.024902 0.997248 0.069828 29.372345 -0.999240 0.026926 -0.028190 382.193542 0.000000 0.000000 0.000000 1.000000
1678710628900000000 -0.203793 -0.052187 0.977622 61.491524 0.004697 0.998515 0.054282 29.426807 -0.979003 0.015655 -0.203245 381.484741 0.000000 0.000000 0.000000 1.000000
1678710630600000000 -0.602024 -0.043162 0.797311 48.785545 0.006426 0.998244 0.058892 29.755182 -0.798452 0.040578 -0.600689 375.306305 0.000000 0.000000 0.000000 1.000000
1678710631400000000 -0.686395 -0.011500 0.727138 43.250721 0.024746 0.998927 0.039158 29.897219 -0.726808 0.044871 -0.685374 370.541779 0.000000 0.000000 0.000000 1.000000
1678710632200000000 -0.701164 0.009352 0.712939 37.947975 0.054848 0.997659 0.040855 30.167175 -0.710888 0.067749 -0.700035 365.084595 0.000000 0.000000 0.000000 1.000000
1678710633000000000 -0.700279 -0.019705 0.713597 32.709507 0.013263 0.999087 0.040604 30.162193 -0.713746 0.037898 -0.699379 359.816284 0.000000 0.000000 0.000000 1.000000
1678710633700000000 -0.668653 -0.062653 0.740930 28.082901 -0.018119 0.997521 0.067999 30.318981 -0.743354 0.032043 -0.668131 355.675446 0.000000 0.000000 0.000000 1.000000
1678710634500000000 -0.587229 -0.050450 0.807847 22.360060 -0.007912 0.998366 0.056597 30.653145 -0.809382 0.026843 -0.586669 350.927948 0.000000 0.000000 0.000000 1.000000
1678710635100000000 -0.516415 -0.041134 0.855350 18.067709 -0.006451 0.999004 0.044148 30.748045 -0.856314 0.017281 -0.516166 348.194183 0.000000 0.000000 0.000000 1.000000
1678710635800000000 -0.422733 -0.045018 0.905136 12.362849 -0.036975 0.998791 0.032407 30.947536 -0.905500 -0.019767 -0.423886 344.998627 0.000000 0.000000 0.000000 1.000000
1678710636100000000 -0.359210 -0.027964 0.932838 9.916005 -0.023081 0.999511 0.021075 31.108940 -0.932971 -0.013960 -0.359680 343.790985 0.000000 0.000000 0.000000 1.000000
1678710636800000000 -0.218795 -0.012983 0.975684 3.433099 -0.012334 0.999868 0.010539 31.400944 -0.975693 -0.009728 -0.218926 341.916382 0.000000 0.000000 0.000000 1.000000
1678710637400000000 -0.106326 -0.018067 0.994167 -1.836147 -0.007519 0.999821 0.017365 31.638334 -0.994303 -0.005629 -0.106443 341.139282 0.000000 0.000000 0.000000 1.000000
1678710637800000000 -0.015276 -0.027084 0.999516 -6.188194 0.003786 0.999624 0.027145 31.797625 -0.999876 0.004199 -0.015167 340.874420 0.000000 0.000000 0.000000 1.000000
1678710638400000000 0.091590 -0.030063 0.995343 -11.235339 0.015546 0.999466 0.028757 31.928377 -0.995675 0.012839 0.092008 341.254120 0.000000 0.000000 0.000000 1.000000
1678710639100000000 0.223407 -0.045342 0.973670 -18.167299 0.028493 0.998794 0.039974 32.284996 -0.974309 0.018812 0.224430 342.447144 0.000000 0.000000 0.000000 1.000000
1678710639500000000 0.318384 -0.031421 0.947441 -22.103403 0.016210 0.999485 0.027699 32.463951 -0.947823 0.006539 0.318730 343.531372 0.000000 0.000000 0.000000 1.000000
1678710640200000000 0.450810 -0.028351 0.892170 -28.425220 -0.011076 0.999241 0.037350 32.607189 -0.892551 -0.026719 0.450154 346.085907 0.000000 0.000000 0.000000 1.000000
1678710640500000000 0.499030 -0.026249 0.866187 -30.829575 -0.014282 0.999156 0.038507 32.677357 -0.866467 -0.031587 0.498234 347.350220 0.000000 0.000000 0.000000 1.000000
1678710641200000000 0.626224 -0.013255 0.779530 -36.675079 -0.020856 0.999213 0.033746 32.759674 -0.779364 -0.037391 0.625455 351.304688 0.000000 0.000000 0.000000 1.000000
1678710641600000000 0.686600 -0.006254 0.727009 -40.045033 -0.026737 0.999069 0.033845 32.818310 -0.726544 -0.042676 0.685794 354.248169 0.000000 0.000000 0.000000 1.000000
1678710642300000000 0.785227 -0.006249 0.619177 -45.497589 -0.026308 0.998709 0.043443 32.764645 -0.618649 -0.050402 0.784049 360.098663 0.000000 0.000000 0.000000 1.000000
1678710642600000000 0.812533 0.000584 0.582914 -47.452904 -0.038281 0.997894 0.052361 32.739017 -0.581656 -0.064859 0.810845 362.567871 0.000000 0.000000 0.000000 1.000000
1678710643300000000 0.849708 -0.019208 0.526904 -51.849144 -0.025627 0.996650 0.077660 32.656620 -0.526631 -0.079492 0.846369 369.224030 0.000000 0.000000 0.000000 1.000000
1678710643600000000 0.863254 -0.002763 0.504761 -53.711617 -0.034999 0.997251 0.065314 32.611923 -0.503554 -0.074049 0.860784 372.113617 0.000000 0.000000 0.000000 1.000000
1678710644300000000 0.869132 -0.019044 0.494214 -57.839775 -0.019356 0.997183 0.072466 32.350697 -0.494202 -0.072548 0.866315 379.528351 0.000000 0.000000 0.000000 1.000000
1678710644600000000 0.869096 -0.032116 0.493599 -59.345879 -0.002533 0.997588 0.069368 32.308849 -0.494636 -0.061538 0.866919 382.380463 0.000000 0.000000 0.000000 1.000000
1678710645300000000 0.866365 -0.043844 0.497484 -63.579052 0.013190 0.997800 0.064968 31.992353 -0.499238 -0.049724 0.865037 389.774200 0.000000 0.000000 0.000000 1.000000
1678710646000000000 0.872018 -0.046755 0.487235 -67.836548 0.019313 0.997939 0.061197 31.961252 -0.489092 -0.043955 0.871124 397.582550 0.000000 0.000000 0.000000 1.000000
1678710646400000000 0.879480 -0.022014 0.475426 -70.408356 -0.003149 0.998639 0.052067 31.829067 -0.475925 -0.047289 0.878213 402.108734 0.000000 0.000000 0.000000 1.000000
1678710647100000000 0.887152 -0.035793 0.460087 -74.610542 0.006905 0.997906 0.064318 31.625576 -0.461425 -0.053883 0.885541 409.906738 0.000000 0.000000 0.000000 1.000000
1678710647800000000 0.887196 -0.053571 0.458273 -78.608551 0.001827 0.993637 0.112617 31.362608 -0.461390 -0.099076 0.881648 417.759003 0.000000 0.000000 0.000000 1.000000
1678710648500000000 0.887864 -0.053814 0.456947 -82.629333 0.004525 0.994110 0.108282 31.096348 -0.460083 -0.094072 0.882878 425.468414 0.000000 0.000000 0.000000 1.000000
1678710649100000000 0.882707 -0.051968 0.467041 -86.152962 0.010918 0.995866 0.090175 30.897917 -0.469796 -0.074499 0.879626 432.224640 0.000000 0.000000 0.000000 1.000000
1678710649500000000 0.888365 -0.040784 0.457323 -88.457710 0.005803 0.996965 0.077636 30.783136 -0.459101 -0.066315 0.885905 436.695221 0.000000 0.000000 0.000000 1.000000
1678710650100000000 0.892042 -0.038080 0.450345 -91.800110 -0.006926 0.995175 0.097869 30.487074 -0.451899 -0.090422 0.887475 443.099762 0.000000 0.000000 0.000000 1.000000
1678710650800000000 0.894537 -0.020168 0.446539 -95.822021 -0.025183 0.995121 0.095392 30.111780 -0.446284 -0.096577 0.889665 450.902832 0.000000 0.000000 0.000000 1.000000
1678710651500000000 0.890749 -0.016466 0.454198 -99.837784 -0.033494 0.994248 0.101729 29.896368 -0.453261 -0.105828 0.885074 458.414581 0.000000 0.000000 0.000000 1.000000
1678710651800000000 0.892793 -0.010998 0.450333 -101.386620 -0.044895 0.992552 0.113246 29.793293 -0.448224 -0.121323 0.885650 461.508514 0.000000 0.000000 0.000000 1.000000
1678710652500000000 0.869711 0.002893 0.493553 -105.023064 -0.052110 0.994932 0.085993 29.443390 -0.490803 -0.100508 0.865454 468.321381 0.000000 0.000000 0.000000 1.000000
1678710653600000000 0.896622 0.003472 0.442784 -111.187202 -0.046591 0.995158 0.086542 28.958061 -0.440339 -0.098225 0.892442 479.748962 0.000000 0.000000 0.000000 1.000000
1678710654000000000 0.897484 -0.021694 0.440514 -113.292351 -0.020810 0.995594 0.091428 28.842411 -0.440556 -0.091222 0.893078 483.889587 0.000000 0.000000 0.000000 1.000000
1678710654700000000 0.903154 -0.057256 0.425481 -116.697525 0.009988 0.993601 0.112504 28.678625 -0.429200 -0.097358 0.897947 490.774292 0.000000 0.000000 0.000000 1.000000
1678710655400000000 0.917039 -0.034506 0.397301 -119.885223 -0.005499 0.995061 0.099116 28.484955 -0.398759 -0.093078 0.912320 497.717163 0.000000 0.000000 0.000000 1.000000
1678710656100000000 0.934522 -0.010919 0.355738 -122.716263 -0.028040 0.994163 0.104178 28.111843 -0.354799 -0.107331 0.928761 504.472504 0.000000 0.000000 0.000000 1.000000
1678710656800000000 0.950825 -0.029044 0.308363 -125.098969 -0.005652 0.993801 0.111031 27.846020 -0.309676 -0.107314 0.944767 511.320190 0.000000 0.000000 0.000000 1.000000
1678710657500000000 0.949341 -0.031318 0.312682 -127.446297 -0.003077 0.994047 0.108905 27.554468 -0.314231 -0.104350 0.943594 518.081238 0.000000 0.000000 0.000000 1.000000
1678710658200000000 0.943966 -0.029859 0.328688 -129.903137 -0.014952 0.991007 0.132969 27.179688 -0.329703 -0.130433 0.935031 524.950012 0.000000 0.000000 0.000000 1.000000
1678710658500000000 0.940224 -0.028122 0.339393 -130.876282 -0.003253 0.995798 0.091523 27.055944 -0.340540 -0.087156 0.936182 527.517822 0.000000 0.000000 0.000000 1.000000
1678710659200000000 0.942930 -0.033350 0.331317 -133.342010 -0.002124 0.994349 0.106135 26.692488 -0.332984 -0.100782 0.937531 534.443298 0.000000 0.000000 0.000000 1.000000
1678710659600000000 0.956355 -0.017011 0.291712 -134.771149 -0.013891 0.994529 0.103538 26.499086 -0.291877 -0.103071 0.950886 538.629456 0.000000 0.000000 0.000000 1.000000
1678710660300000000 0.979211 0.007898 0.202691 -136.400864 -0.030607 0.993554 0.109151 26.151514 -0.200523 -0.113085 0.973141 545.135376 0.000000 0.000000 0.000000 1.000000
1678710661000000000 0.996838 0.006309 0.079211 -137.320221 -0.015135 0.993670 0.111317 25.717270 -0.078008 -0.112164 0.990623 552.112976 0.000000 0.000000 0.000000 1.000000
1678710661700000000 0.997746 -0.000770 -0.067105 -137.420822 0.009101 0.992249 0.123931 25.252794 0.066489 -0.124262 0.990019 559.717041 0.000000 0.000000 0.000000 1.000000
1678710662400000000 0.982655 -0.029210 -0.183130 -136.583176 0.056901 0.987374 0.147834 24.671055 0.176499 -0.155690 0.971910 566.635681 0.000000 0.000000 0.000000 1.000000
1678710662700000000 0.970756 -0.006712 -0.239974 -136.006393 0.039534 0.990431 0.132222 24.481659 0.236790 -0.137842 0.961733 569.185486 0.000000 0.000000 0.000000 1.000000
1678710663400000000 0.929761 0.001348 -0.368160 -133.684845 0.046943 0.991397 0.122183 23.796164 0.365157 -0.130884 0.921699 576.322021 0.000000 0.000000 0.000000 1.000000
1678710664100000000 0.886652 0.029460 -0.461498 -130.524841 0.032335 0.991576 0.125422 23.290854 0.461305 -0.126128 0.878231 583.353333 0.000000 0.000000 0.000000 1.000000
1678710664400000000 0.882031 0.011714 -0.471045 -129.051041 0.047258 0.992451 0.113170 22.992001 0.468815 -0.122080 0.874819 586.241882 0.000000 0.000000 0.000000 1.000000
1678710665100000000 0.867771 0.007200 -0.496912 -125.100410 0.069598 0.988280 0.135862 22.304874 0.492067 -0.152481 0.857100 593.378235 0.000000 0.000000 0.000000 1.000000
1678710665400000000 0.865875 0.008340 -0.500191 -123.408302 0.056767 0.991765 0.114805 21.948494 0.497029 -0.127801 0.858271 596.238525 0.000000 0.000000 0.000000 1.000000
1678710665700000000 0.860646 0.002570 -0.509197 -121.807510 0.060560 0.992373 0.107368 21.616407 0.505590 -0.123242 0.853927 599.055969 0.000000 0.000000 0.000000 1.000000
1678710666400000000 0.865762 -0.004799 -0.500432 -117.484917 0.064746 0.992624 0.102492 20.663050 0.496249 -0.121135 0.859688 606.303406 0.000000 0.000000 0.000000 1.000000
1678710666800000000 0.878177 -0.001101 -0.478334 -114.921593 0.057378 0.993019 0.103055 20.110704 0.474882 -0.117947 0.872110 610.735779 0.000000 0.000000 0.000000 1.000000
1678710667500000000 0.901451 -0.000856 -0.432881 -111.407028 0.043486 0.995118 0.088590 19.345987 0.430692 -0.098684 0.897087 617.781250 0.000000 0.000000 0.000000 1.000000
1678710668300000000 0.911026 0.011018 -0.412202 -107.589600 0.027144 0.995872 0.086612 18.824459 0.411454 -0.090094 0.906967 625.966919 0.000000 0.000000 0.000000 1.000000
1678710668600000000 0.916800 0.013153 -0.399129 -106.492493 0.026238 0.995314 0.093069 18.673904 0.398483 -0.095798 0.912159 628.434937 0.000000 0.000000 0.000000 1.000000
1678710669200000000 0.917981 0.027234 -0.395688 -104.371773 0.007278 0.996315 0.085456 18.289701 0.396557 -0.081327 0.914401 633.468628 0.000000 0.000000 0.000000 1.000000
1678710669800000000 0.919545 0.032927 -0.391602 -102.518852 -0.006879 0.997680 0.067735 17.951136 0.392924 -0.059592 0.917638 638.010315 0.000000 0.000000 0.000000 1.000000
1678710670100000000 0.913463 0.029976 -0.405817 -101.633400 -0.009169 0.998546 0.053120 17.808712 0.406819 -0.044802 0.912410 640.127563 0.000000 0.000000 0.000000 1.000000
1678710670400000000 0.909694 0.025774 -0.414479 -100.749374 -0.009629 0.999113 0.040997 17.729721 0.415168 -0.033304 0.909135 642.102722 0.000000 0.000000 0.000000 1.000000
1678710671100000000 0.889636 0.054985 -0.453349 -99.018669 -0.046032 0.998466 0.030769 17.616718 0.454345 -0.006505 0.890802 646.005249 0.000000 0.000000 0.000000 1.000000
1678710671400000000 0.890557 0.078467 -0.448053 -98.553398 -0.074308 0.996873 0.026887 17.642956 0.448761 0.009349 0.893603 647.154358 0.000000 0.000000 0.000000 1.000000
1678710671800000000 0.886014 0.089294 -0.454979 -97.875816 -0.083405 0.995968 0.033048 17.602085 0.456095 0.008667 0.889889 648.457031 0.000000 0.000000 0.000000 1.000000
1678710672100000000 0.890634 0.088055 -0.446114 -97.529335 -0.076538 0.996104 0.043810 17.623083 0.448233 -0.004874 0.893903 649.182068 0.000000 0.000000 0.000000 1.000000
1678710672800000000 0.951776 0.062894 -0.300279 -96.873077 -0.052179 0.997686 0.043579 17.647575 0.302325 -0.025809 0.952855 650.874329 0.000000 0.000000 0.000000 1.000000
1678710673500000000 0.999387 0.024449 0.025042 -96.580887 -0.025809 0.998125 0.055497 17.533585 -0.023638 -0.056109 0.998145 653.189941 0.000000 0.000000 0.000000 1.000000
1678710674200000000 0.898130 -0.044707 0.437451 -97.451187 0.000209 0.994861 0.101245 17.207899 -0.439729 -0.090840 0.893525 656.109375 0.000000 0.000000 0.000000 1.000000
1678710674500000000 0.800018 -0.066148 0.596319 -98.340828 -0.013802 0.991612 0.128514 17.035954 -0.599818 -0.111044 0.792394 657.584167 0.000000 0.000000 0.000000 1.000000
1678710674800000000 0.711233 -0.073702 0.699082 -99.808998 -0.032143 0.990039 0.137078 16.849159 -0.702221 -0.119965 0.701779 658.695374 0.000000 0.000000 0.000000 1.000000
1678710675900000000 0.439848 -0.118259 0.890252 -106.462158 -0.039204 0.987819 0.150589 15.971611 -0.897216 -0.101138 0.429854 662.873962 0.000000 0.000000 0.000000 1.000000
1678710676600000000 0.381620 -0.116419 0.916958 -111.895187 -0.079625 0.984208 0.158095 15.297922 -0.920883 -0.133345 0.366324 665.190430 0.000000 0.000000 0.000000 1.000000
1678710676900000000 0.379596 -0.103064 0.919394 -114.302414 -0.057837 0.989188 0.134767 15.031666 -0.923343 -0.104332 0.369531 666.139893 0.000000 0.000000 0.000000 1.000000
1678710677600000000 0.368342 -0.108051 0.923390 -119.320641 -0.073913 0.986676 0.144940 14.456929 -0.926748 -0.121638 0.355447 668.111816 0.000000 0.000000 0.000000 1.000000
1678710678200000000 0.372437 -0.086725 0.923996 -123.760376 -0.109316 0.984594 0.136475 13.952930 -0.921597 -0.151836 0.357219 669.762756 0.000000 0.000000 0.000000 1.000000
1678710678800000000 0.372103 -0.091162 0.923704 -127.883316 -0.103984 0.984806 0.139081 13.551088 -0.922349 -0.147803 0.356970 671.300720 0.000000 0.000000 0.000000 1.000000
1678710679400000000 0.367639 -0.076176 0.926844 -131.864502 -0.104117 0.987002 0.122419 13.190782 -0.924122 -0.141506 0.354929 672.788391 0.000000 0.000000 0.000000 1.000000
1678710679800000000 0.362537 -0.083513 0.928220 -133.589905 -0.112953 0.984698 0.132711 13.055593 -0.925099 -0.152958 0.347556 673.484375 0.000000 0.000000 0.000000 1.000000
1678710680400000000 0.370802 -0.084209 0.924886 -137.006271 -0.105319 0.985644 0.131965 12.702132 -0.922721 -0.146341 0.356610 674.822815 0.000000 0.000000 0.000000 1.000000
1678710681000000000 0.377870 -0.085415 0.921910 -140.065643 -0.117922 0.983186 0.139426 12.334734 -0.918318 -0.161398 0.361445 676.051147 0.000000 0.000000 0.000000 1.000000
1678710681700000000 0.378958 -0.095683 0.920454 -142.602539 -0.115045 0.982053 0.149451 11.997349 -0.918235 -0.162529 0.361149 677.215393 0.000000 0.000000 0.000000 1.000000
1678710682300000000 0.381262 -0.080799 0.920930 -144.905289 -0.115522 0.984201 0.134176 11.732452 -0.917221 -0.157544 0.365904 678.208191 0.000000 0.000000 0.000000 1.000000
1678710682600000000 0.381547 -0.072240 0.921522 -145.854767 -0.122196 0.984250 0.127751 11.603557 -0.916237 -0.161349 0.366710 678.631775 0.000000 0.000000 0.000000 1.000000
1678710683200000000 0.370402 -0.083332 0.925126 -147.245697 -0.134337 0.980691 0.142123 11.509652 -0.919106 -0.176921 0.352056 679.325928 0.000000 0.000000 0.000000 1.000000
1678710683800000000 0.370948 -0.065607 0.926333 -148.329041 -0.131305 0.983775 0.122256 11.383782 -0.919324 -0.166983 0.356314 679.869446 0.000000 0.000000 0.000000 1.000000
1678710684300000000 0.379099 -0.096397 0.920322 -149.000900 -0.129337 0.979277 0.155849 11.308094 -0.916273 -0.178114 0.358775 680.472229 0.000000 0.000000 0.000000 1.000000
1678710684600000000 0.379122 -0.106851 0.919157 -149.420532 -0.135679 0.976156 0.169440 11.246781 -0.915345 -0.188949 0.355585 680.884399 0.000000 0.000000 0.000000 1.000000
1678710685300000000 0.392519 -0.136270 0.909593 -149.806870 -0.115709 0.973790 0.195819 11.201326 -0.912437 -0.182111 0.366463 681.343994 0.000000 0.000000 0.000000 1.000000
1678710685900000000 0.379252 -0.127163 0.916514 -150.149948 -0.115635 0.976233 0.183298 11.076142 -0.918039 -0.175497 0.355534 681.517761 0.000000 0.000000 0.000000 1.000000
1678710686200000000 0.374568 -0.124943 0.918743 -150.163483 -0.128698 0.974282 0.184966 11.025021 -0.918224 -0.187523 0.348855 681.455627 0.000000 0.000000 0.000000 1.000000
1678710686800000000 0.379068 -0.166510 0.910265 -150.044968 -0.099181 0.970701 0.218868 10.966262 -0.920038 -0.173247 0.351447 681.442017 0.000000 0.000000 0.000000 1.000000
1678710687400000000 0.392605 -0.166268 0.904553 -149.663452 -0.072442 0.974876 0.210637 11.016876 -0.916850 -0.148225 0.370696 681.343445 0.000000 0.000000 0.000000 1.000000
1678710688000000000 0.377965 -0.195340 0.904978 -149.613800 -0.073358 0.968096 0.239603 11.033951 -0.922909 -0.156949 0.351577 681.377563 0.000000 0.000000 0.000000 1.000000
1678710688300000000 0.356817 -0.213495 0.909451 -150.005157 -0.064519 0.965578 0.251985 10.941589 -0.931944 -0.148590 0.330760 681.452881 0.000000 0.000000 0.000000 1.000000
1678710689000000000 0.342458 -0.183410 0.921457 -150.854523 -0.071112 0.972887 0.220075 11.110021 -0.936838 -0.140893 0.320130 681.200867 0.000000 0.000000 0.000000 1.000000
1678710689600000000 0.358221 -0.110955 0.927020 -151.665329 -0.103496 0.982074 0.157538 11.156780 -0.927883 -0.152377 0.340316 681.173096 0.000000 0.000000 0.000000 1.000000
1678710690300000000 0.378489 -0.095600 0.920656 -152.436935 -0.127836 0.979721 0.154288 11.011594 -0.916736 -0.176089 0.358592 681.420837 0.000000 0.000000 0.000000 1.000000
1678710690900000000 0.370937 -0.083359 0.924909 -153.219055 -0.152348 0.977007 0.149154 10.937130 -0.916076 -0.196235 0.349709 681.571289 0.000000 0.000000 0.000000 1.000000
1678710691200000000 0.359573 -0.075726 0.930039 -153.752838 -0.144770 0.980106 0.135774 10.851458 -0.921818 -0.183462 0.341456 681.578613 0.000000 0.000000 0.000000 1.000000
1678710691900000000 0.367901 -0.069579 0.927258 -154.845352 -0.161010 0.977367 0.137222 10.678141 -0.915819 -0.199782 0.348371 681.843201 0.000000 0.000000 0.000000 1.000000
1678710692500000000 0.378553 -0.054881 0.923951 -155.962433 -0.160062 0.979319 0.123749 10.525188 -0.911634 -0.194735 0.361940 682.217102 0.000000 0.000000 0.000000 1.000000
1678710693200000000 0.452049 -0.017964 0.891812 -157.278595 -0.161989 0.981519 0.101881 10.268536 -0.877161 -0.190519 0.440784 683.632080 0.000000 0.000000 0.000000 1.000000
1678710693900000000 0.372466 -0.049988 0.926698 -160.838730 -0.150246 0.982127 0.113367 9.694738 -0.915803 -0.181458 0.358299 685.446716 0.000000 0.000000 0.000000 1.000000
1678710694600000000 0.131104 -0.048501 0.990181 -164.924515 -0.151035 0.986166 0.068302 9.227139 -0.979796 -0.158506 0.121965 686.417664 0.000000 0.000000 0.000000 1.000000
1678710695300000000 -0.239451 -0.108290 0.964850 -169.066803 -0.166714 0.983587 0.069019 8.719689 -0.956488 -0.144327 -0.253574 685.883240 0.000000 0.000000 0.000000 1.000000
1678710696000000000 -0.626411 -0.123953 0.769575 -172.588699 -0.124484 0.990512 0.058212 8.612867 -0.769489 -0.059335 -0.635898 683.675293 0.000000 0.000000 0.000000 1.000000
1678710697100000000 -0.925428 -0.059308 0.374252 -176.276901 -0.033782 0.996656 0.074407 9.146073 -0.377414 0.056216 -0.924337 676.930481 0.000000 0.000000 0.000000 1.000000
1678710697800000000 -0.961491 0.009597 0.274667 -177.943222 0.049019 0.989354 0.137025 9.801122 -0.270428 0.145212 -0.951726 671.688782 0.000000 0.000000 0.000000 1.000000
1678710698400000000 -0.969565 0.005385 0.244776 -179.212646 0.036712 0.991653 0.123602 10.455169 -0.242067 0.128826 -0.961669 666.698914 0.000000 0.000000 0.000000 1.000000
1678710699100000000 -0.970072 0.010501 0.242592 -180.799652 0.042371 0.991057 0.126533 11.310403 -0.239094 0.133025 -0.961841 660.038391 0.000000 0.000000 0.000000 1.000000
1678710699800000000 -0.967619 0.014222 0.252013 -182.559402 0.053270 0.987430 0.148809 12.006784 -0.246729 0.157415 -0.956214 653.099426 0.000000 0.000000 0.000000 1.000000
1678710700500000000 -0.966618 0.028542 0.254626 -184.388321 0.068729 0.986239 0.150360 12.837506 -0.246830 0.162841 -0.955279 645.682556 0.000000 0.000000 0.000000 1.000000
1678710700800000000 -0.969214 0.039246 0.243070 -185.143173 0.074716 0.987544 0.138473 13.196436 -0.234608 0.152371 -0.960074 642.636536 0.000000 0.000000 0.000000 1.000000
1678710701600000000 -0.967786 0.023518 0.250673 -187.134232 0.059846 0.988580 0.138303 14.310132 -0.244558 0.148849 -0.958142 633.481384 0.000000 0.000000 0.000000 1.000000
1678710702300000000 -0.967910 0.013763 0.250919 -189.046814 0.047018 0.990785 0.127024 15.185246 -0.246858 0.134746 -0.959638 625.643066 0.000000 0.000000 0.000000 1.000000
1678710703000000000 -0.956441 -0.002110 0.291918 -191.206192 0.041010 0.989086 0.141515 16.002823 -0.289031 0.147323 -0.945916 617.698242 0.000000 0.000000 0.000000 1.000000
1678710703800000000 -0.952347 -0.040543 0.302310 -194.248993 0.003074 0.989800 0.142427 16.981161 -0.305002 0.136570 -0.942509 608.070496 0.000000 0.000000 0.000000 1.000000
1678710704600000000 -0.963473 -0.066209 0.259491 -197.250366 -0.037975 0.992943 0.112350 17.771872 -0.265099 0.098393 -0.959188 598.206543 0.000000 0.000000 0.000000 1.000000
1678710705400000000 -0.977196 -0.035840 0.209293 -199.610458 -0.015052 0.994865 0.100084 18.347656 -0.211806 0.094651 -0.972718 588.135681 0.000000 0.000000 0.000000 1.000000
1678710706200000000 -0.982832 -0.046864 0.178451 -201.616821 -0.028178 0.993984 0.105842 18.980879 -0.182337 0.098997 -0.978240 577.897766 0.000000 0.000000 0.000000 1.000000
1678710706900000000 -0.984639 -0.042518 0.169349 -203.338547 -0.025471 0.994500 0.101593 19.567820 -0.172737 0.095719 -0.980306 568.847961 0.000000 0.000000 0.000000 1.000000
1678710707500000000 -0.986347 -0.048389 0.157411 -204.803986 -0.031936 0.993915 0.105421 19.872126 -0.161555 0.098955 -0.981890 560.286255 0.000000 0.000000 0.000000 1.000000
1678710708300000000 -0.990746 -0.036702 0.130674 -206.292236 -0.020565 0.992223 0.122763 20.678711 -0.134163 0.118939 -0.983796 550.344360 0.000000 0.000000 0.000000 1.000000
1678710709000000000 -0.989642 -0.040936 0.137598 -207.674484 -0.028758 0.995584 0.089357 21.318470 -0.140649 0.084475 -0.986449 540.988342 0.000000 0.000000 0.000000 1.000000
1678710709700000000 -0.992522 -0.024643 0.119553 -208.827438 -0.014977 0.996595 0.081086 21.792492 -0.121144 0.078689 -0.989511 531.772095 0.000000 0.000000 0.000000 1.000000
1678710710400000000 -0.990441 -0.035167 0.133379 -209.923309 -0.019080 0.992588 0.120024 22.199234 -0.136612 0.116331 -0.983770 523.351135 0.000000 0.000000 0.000000 1.000000
1678710711200000000 -0.993211 -0.020103 0.114572 -211.123199 -0.009772 0.995892 0.090024 22.771603 -0.115912 0.088293 -0.989327 513.182373 0.000000 0.000000 0.000000 1.000000
1678710712000000000 -0.992291 -0.017856 0.122634 -212.259537 -0.005540 0.994968 0.100043 23.274569 -0.123803 0.098593 -0.987397 503.458557 0.000000 0.000000 0.000000 1.000000
1678710712700000000 -0.991312 -0.044606 0.123741 -213.413879 -0.030372 0.992945 0.114617 23.751703 -0.127981 0.109862 -0.985673 494.957794 0.000000 0.000000 0.000000 1.000000
1678710713400000000 -0.992220 -0.039939 0.117914 -214.399078 -0.026982 0.993621 0.109496 24.028507 -0.121535 0.105463 -0.986968 486.524780 0.000000 0.000000 0.000000 1.000000
1678710714100000000 -0.992151 -0.052543 0.113469 -215.505890 -0.039874 0.993002 0.111166 24.426218 -0.118516 0.105769 -0.987303 477.683502 0.000000 0.000000 0.000000 1.000000
1678710714900000000 -0.991877 -0.040576 0.120554 -216.821899 -0.027680 0.993897 0.106783 24.927822 -0.124151 0.102579 -0.986947 467.456177 0.000000 0.000000 0.000000 1.000000
1678710715600000000 -0.991658 -0.052479 0.117728 -217.888046 -0.042604 0.995480 0.084880 25.194742 -0.121650 0.079156 -0.989412 458.535736 0.000000 0.000000 0.000000 1.000000
1678710716400000000 -0.992642 -0.050891 0.109869 -219.120239 -0.041086 0.995118 0.089733 25.445616 -0.113899 0.084559 -0.989887 448.135162 0.000000 0.000000 0.000000 1.000000
1678710717100000000 -0.991868 -0.035831 0.122121 -220.207565 -0.023972 0.994974 0.097225 25.678928 -0.124991 0.093507 -0.987742 439.234100 0.000000 0.000000 0.000000 1.000000
1678710717800000000 -0.993138 -0.037671 0.110715 -221.351089 -0.027835 0.995635 0.089084 25.809175 -0.113588 0.085391 -0.989852 430.220154 0.000000 0.000000 0.000000 1.000000
1678710718600000000 -0.992208 -0.029758 0.120989 -222.652664 -0.018593 0.995549 0.092391 26.376654 -0.123200 0.089422 -0.988345 419.353241 0.000000 0.000000 0.000000 1.000000
1678710719300000000 -0.993066 -0.042361 0.109658 -223.792969 -0.032036 0.995032 0.094260 26.573576 -0.113106 0.090093 -0.989490 410.341766 0.000000 0.000000 0.000000 1.000000
1678710719700000000 -0.992487 -0.034182 0.117479 -224.428253 -0.022671 0.994932 0.097962 26.808189 -0.120233 0.094562 -0.988232 404.866821 0.000000 0.000000 0.000000 1.000000
1678710720400000000 -0.991836 -0.050216 0.117220 -225.663544 -0.041913 0.996505 0.072258 27.128777 -0.120439 0.066755 -0.990474 395.516510 0.000000 0.000000 0.000000 1.000000
1678710721500000000 -0.991631 -0.038295 0.123296 -227.540680 -0.028895 0.996601 0.077145 27.504980 -0.125831 0.072937 -0.989367 380.886505 0.000000 0.000000 0.000000 1.000000
1678710721800000000 -0.991504 -0.013938 0.129330 -227.987457 -0.004332 0.997230 0.074255 27.577303 -0.130007 0.073064 -0.988817 376.849060 0.000000 0.000000 0.000000 1.000000
1678710722600000000 -0.992458 -0.035843 0.117226 -229.251282 -0.024021 0.994621 0.100753 27.900717 -0.120207 0.097177 -0.987981 366.181061 0.000000 0.000000 0.000000 1.000000
1678710723400000000 -0.992408 -0.040351 0.116181 -230.521484 -0.028305 0.994225 0.103519 28.075420 -0.119687 0.099445 -0.987819 355.543701 0.000000 0.000000 0.000000 1.000000
1678710723800000000 -0.992512 -0.052456 0.110311 -231.187943 -0.041692 0.994341 0.097715 28.180807 -0.114812 0.092384 -0.989082 350.178497 0.000000 0.000000 0.000000 1.000000
1678710724100000000 -0.991342 -0.025803 0.128743 -231.624191 -0.015601 0.996702 0.079631 28.283615 -0.130373 0.076933 -0.988476 346.332703 0.000000 0.000000 0.000000 1.000000
1678710724900000000 -0.992157 0.001831 0.124982 -232.816925 0.014299 0.994991 0.098938 28.661547 -0.124175 0.099950 -0.987214 335.569275 0.000000 0.000000 0.000000 1.000000
1678710725600000000 -0.991925 -0.035272 0.121825 -234.143311 -0.022822 0.994511 0.102117 29.026997 -0.124758 0.098512 -0.987285 326.214417 0.000000 0.000000 0.000000 1.000000
1678710726400000000 -0.992704 -0.021789 0.118593 -235.429718 -0.009148 0.994313 0.106108 29.528570 -0.120231 0.104249 -0.987257 315.717621 0.000000 0.000000 0.000000 1.000000
1678710726800000000 -0.992783 -0.021919 0.117903 -235.995499 -0.008717 0.993744 0.111344 29.761528 -0.119606 0.109513 -0.986763 310.381714 0.000000 0.000000 0.000000 1.000000
1678710727500000000 -0.992544 -0.015071 0.120952 -237.154129 -0.003017 0.995060 0.099230 30.215767 -0.121850 0.098125 -0.987686 301.249634 0.000000 0.000000 0.000000 1.000000
1678710727900000000 -0.991871 -0.009619 0.126880 -237.820877 0.002043 0.995806 0.091466 30.508200 -0.127228 0.090982 -0.987692 295.922150 0.000000 0.000000 0.000000 1.000000
1678710728700000000 -0.992882 -0.039854 0.112236 -239.021851 -0.026017 0.992170 0.122156 30.912132 -0.116226 0.118367 -0.986144 285.652466 0.000000 0.000000 0.000000 1.000000
1678710729500000000 -0.994536 -0.039060 0.096808 -240.063553 -0.027320 0.992427 0.119758 31.387299 -0.100753 0.116459 -0.988072 275.425690 0.000000 0.000000 0.000000 1.000000
1678710729800000000 -0.995855 -0.018432 0.089067 -240.348358 -0.008208 0.993467 0.113822 31.551355 -0.090583 0.112619 -0.989501 271.814545 0.000000 0.000000 0.000000 1.000000
1678710730500000000 -0.997311 -0.004329 0.073154 -240.905289 0.004003 0.993545 0.113370 32.029758 -0.073173 0.113358 -0.990856 263.074524 0.000000 0.000000 0.000000 1.000000
1678710731300000000 -0.999721 0.000781 0.023587 -241.273636 0.002831 0.996202 0.087027 32.593872 -0.023429 0.087069 -0.995927 252.300415 0.000000 0.000000 0.000000 1.000000
1678710732000000000 -0.999970 0.006020 0.004848 -241.444412 0.006510 0.994084 0.108416 33.037102 -0.004167 0.108445 -0.994094 243.370621 0.000000 0.000000 0.000000 1.000000
1678710732400000000 -0.999411 0.034253 -0.002286 -241.448837 0.033801 0.993482 0.108863 33.165035 0.006000 0.108722 -0.994054 238.339508 0.000000 0.000000 0.000000 1.000000
1678710733100000000 -0.999746 0.014309 -0.017432 -241.314423 0.011998 0.991941 0.126132 33.586235 0.019096 0.125890 -0.991860 229.969208 0.000000 0.000000 0.000000 1.000000
1678710733500000000 -0.999183 0.002619 -0.040321 -241.130081 -0.002356 0.992423 0.122844 33.896805 0.040338 0.122838 -0.991607 225.049988 0.000000 0.000000 0.000000 1.000000
1678710734200000000 -0.998878 -0.014015 -0.045229 -240.775604 -0.019096 0.993306 0.113925 34.416534 0.043330 0.114661 -0.992459 217.267151 0.000000 0.000000 0.000000 1.000000
1678710735000000000 -0.997239 -0.013921 -0.072940 -240.267517 -0.022751 0.992311 0.121663 34.934559 0.070685 0.122986 -0.989888 208.549103 0.000000 0.000000 0.000000 1.000000
1678710735700000000 -0.988839 -0.024269 -0.147001 -239.491196 -0.041271 0.992653 0.113739 35.299831 0.143161 0.118537 -0.982575 201.869522 0.000000 0.000000 0.000000 1.000000
1678710736500000000 -0.964039 -0.003011 -0.265745 -237.665787 -0.028955 0.995173 0.093763 35.798794 0.264180 0.098086 -0.959473 194.011017 0.000000 0.000000 0.000000 1.000000
1678710736900000000 -0.950883 0.021190 -0.308825 -236.451126 -0.009212 0.995275 0.096655 36.068718 0.309414 0.094752 -0.946195 190.212189 0.000000 0.000000 0.000000 1.000000
1678710737600000000 -0.926858 0.041330 -0.373131 -234.080948 0.006877 0.995624 0.093198 36.422108 0.375350 0.083815 -0.923086 184.037537 0.000000 0.000000 0.000000 1.000000
1678710738000000000 -0.904917 0.032987 -0.424309 -232.584427 0.004939 0.997739 0.067032 36.505985 0.425560 0.058563 -0.903033 180.688156 0.000000 0.000000 0.000000 1.000000
1678710738400000000 -0.872787 0.031783 -0.487065 -230.856293 -0.004657 0.997290 0.073421 36.604908 0.488078 0.066349 -0.870274 177.458633 0.000000 0.000000 0.000000 1.000000
1678710738700000000 -0.853024 0.005715 -0.521841 -229.577515 -0.028875 0.997891 0.058129 36.539913 0.521073 0.064654 -0.851060 175.511765 0.000000 0.000000 0.000000 1.000000
1678710739100000000 -0.792513 -0.002946 -0.609848 -227.199509 -0.042590 0.997814 0.050526 36.705864 0.608366 0.066016 -0.790906 172.136597 0.000000 0.000000 0.000000 1.000000
1678710739800000000 -0.686502 -0.026450 -0.726647 -222.837143 -0.049171 0.998739 0.010101 36.956219 0.725464 0.042664 -0.686937 167.347626 0.000000 0.000000 0.000000 1.000000
1678710740200000000 -0.613770 -0.017029 -0.789302 -219.827866 -0.049520 0.998629 0.016962 37.129814 0.787931 0.049497 -0.613771 164.842087 0.000000 0.000000 0.000000 1.000000
1678710741000000000 -0.418156 -0.023003 -0.908084 -213.079056 -0.016858 0.999704 -0.017561 37.224709 0.908219 0.007965 -0.418420 160.736359 0.000000 0.000000 0.000000 1.000000
1678710741300000000 -0.318804 -0.023153 -0.947538 -210.454315 -0.020421 0.999637 -0.017555 37.262173 0.947601 0.013754 -0.319161 159.722305 0.000000 0.000000 0.000000 1.000000
1678710741700000000 -0.227843 -0.015356 -0.973577 -206.309814 -0.004787 0.999881 -0.014651 37.221874 0.973686 0.001322 -0.227890 158.545319 0.000000 0.000000 0.000000 1.000000
1678710743200000000 -0.111719 -0.024013 -0.993450 -190.221970 -0.005511 0.999708 -0.023545 36.950954 0.993725 0.002845 -0.111819 156.100449 0.000000 0.000000 0.000000 1.000000
1678710744000000000 -0.128018 -0.024817 -0.991461 -180.541016 0.016691 0.999491 -0.027173 36.738953 0.991631 -0.020027 -0.127539 154.986450 0.000000 0.000000 0.000000 1.000000
1678710744700000000 -0.168646 -0.034524 -0.985072 -172.335205 0.026332 0.998872 -0.039515 36.259628 0.985325 -0.032603 -0.167547 153.596222 0.000000 0.000000 0.000000 1.000000
1678710745100000000 -0.196850 -0.036730 -0.979745 -167.555023 0.046502 0.997824 -0.046751 35.860432 0.979330 -0.054763 -0.194714 152.712875 0.000000 0.000000 0.000000 1.000000
1678710745900000000 -0.273376 -0.022898 -0.961635 -158.209686 0.023108 0.999272 -0.030363 34.952839 0.961630 -0.030522 -0.272647 150.349640 0.000000 0.000000 0.000000 1.000000
1678710746200000000 -0.315016 -0.012218 -0.949008 -155.119736 0.031495 0.999232 -0.023320 34.555847 0.948564 -0.037235 -0.314389 149.336960 0.000000 0.000000 0.000000 1.000000
1678710747000000000 -0.445164 -0.000306 -0.895449 -146.578476 0.020119 0.999744 -0.010343 33.820866 0.895223 -0.022620 -0.445044 145.931976 0.000000 0.000000 0.000000 1.000000
1678710747700000000 -0.539607 -0.035255 -0.841179 -140.204849 -0.020172 0.999377 -0.028946 33.356098 0.841675 0.001349 -0.539982 142.248566 0.000000 0.000000 0.000000 1.000000
1678710748100000000 -0.585724 -0.039174 -0.809563 -136.741302 -0.028004 0.999213 -0.028090 33.146683 0.810026 0.006218 -0.586360 139.896637 0.000000 0.000000 0.000000 1.000000
1678710748800000000 -0.661959 -0.036749 -0.748638 -131.800980 -0.041746 0.999055 -0.012129 32.829906 0.748376 0.023224 -0.662868 135.957016 0.000000 0.000000 0.000000 1.000000
1678710749600000000 -0.751639 -0.041856 -0.658246 -126.915855 -0.029977 0.999121 -0.029300 32.677792 0.658893 -0.002291 -0.752233 131.217239 0.000000 0.000000 0.000000 1.000000
1678710750300000000 -0.843811 -0.048863 -0.534412 -124.654770 -0.043988 0.998793 -0.021867 32.559616 0.534835 0.005056 -0.844941 127.913574 0.000000 0.000000 0.000000 1.000000
1678710751100000000 -0.974934 -0.080974 -0.207238 -122.920876 -0.079450 0.996716 -0.015683 32.524696 0.207827 0.001175 -0.978165 123.312462 0.000000 0.000000 0.000000 1.000000
1678710751900000000 -0.969226 -0.020639 0.245305 -122.886063 -0.031115 0.998758 -0.038909 32.453228 -0.244197 -0.045344 -0.968665 118.866096 0.000000 0.000000 0.000000 1.000000
1678710752300000000 -0.870920 0.026654 0.490702 -123.963127 -0.021130 0.995573 -0.091581 32.311073 -0.490971 -0.090128 -0.866501 116.394234 0.000000 0.000000 0.000000 1.000000
1678710753100000000 -0.632824 0.020989 0.774011 -127.926773 -0.065225 0.994635 -0.080299 31.698021 -0.771543 -0.101300 -0.628060 112.186241 0.000000 0.000000 0.000000 1.000000
1678710753800000000 -0.622379 0.017171 0.782528 -132.553223 -0.056875 0.996124 -0.067094 31.139790 -0.780647 -0.086264 -0.618990 108.651695 0.000000 0.000000 0.000000 1.000000
1678710754600000000 -0.669873 0.013767 0.742348 -138.636902 -0.051101 0.996602 -0.064594 30.472992 -0.740715 -0.081205 -0.666894 103.306396 0.000000 0.000000 0.000000 1.000000
1678710755300000000 -0.717008 0.040048 0.695913 -144.064575 -0.007873 0.997819 -0.065533 30.000284 -0.697020 -0.052467 -0.715129 97.876152 0.000000 0.000000 0.000000 1.000000
1678710755700000000 -0.733336 0.026178 0.679362 -147.067505 -0.007021 0.998914 -0.046070 29.721815 -0.679830 -0.038554 -0.732356 94.663574 0.000000 0.000000 0.000000 1.000000
1678710756500000000 -0.762188 0.039079 0.646175 -153.099197 -0.011593 0.997192 -0.073982 29.000856 -0.647252 -0.063879 -0.759595 87.693558 0.000000 0.000000 0.000000 1.000000
1678710756900000000 -0.780897 0.032573 0.623810 -155.997574 -0.018274 0.997021 -0.074937 28.632904 -0.624392 -0.069917 -0.777976 84.353645 0.000000 0.000000 0.000000 1.000000
1678710757700000000 -0.816414 0.043540 0.575823 -160.751572 -0.001176 0.997026 -0.077057 28.017675 -0.577466 -0.063587 -0.813935 78.022224 0.000000 0.000000 0.000000 1.000000
1678710758100000000 -0.803114 0.037470 0.594646 -162.839279 -0.015195 0.996408 -0.083307 27.654579 -0.595632 -0.075941 -0.799660 75.217552 0.000000 0.000000 0.000000 1.000000
1678710758900000000 -0.670188 0.056415 0.740044 -166.802078 -0.009616 0.996363 -0.084663 27.285595 -0.742129 -0.063856 -0.667208 70.745277 0.000000 0.000000 0.000000 1.000000
1678710759600000000 -0.362708 0.097485 0.926790 -170.489151 -0.008191 0.994142 -0.107775 27.072559 -0.931867 -0.046682 -0.359784 68.554253 0.000000 0.000000 0.000000 1.000000
1678710760400000000 0.075047 0.088284 0.993264 -175.766861 -0.042301 0.995458 -0.085283 26.727076 -0.996282 -0.035615 0.078441 67.818474 0.000000 0.000000 0.000000 1.000000
1678710761200000000 0.468811 0.017984 0.883115 -181.116440 -0.018966 0.999767 -0.010291 26.468340 -0.883095 -0.011925 0.469043 69.869812 0.000000 0.000000 0.000000 1.000000
1678710762100000000 0.527680 -0.019446 0.849221 -187.834930 0.025919 0.999641 0.006786 26.207403 -0.849048 0.018430 0.527995 73.960464 0.000000 0.000000 0.000000 1.000000
1678710762800000000 0.431403 -0.029366 0.901681 -192.978287 0.028326 0.999418 0.018997 26.345116 -0.901714 0.017345 0.431984 76.652298 0.000000 0.000000 0.000000 1.000000
1678710763500000000 0.332662 -0.022183 0.942785 -199.045486 0.029507 0.999479 0.013105 26.300335 -0.942584 0.023459 0.333143 78.849312 0.000000 0.000000 0.000000 1.000000
1678710764300000000 0.229695 -0.044499 0.972245 -207.892365 0.052220 0.998079 0.033344 26.251987 -0.971861 0.043112 0.231578 81.351036 0.000000 0.000000 0.000000 1.000000
1678710765300000000 0.200053 -0.029220 0.979349 -218.665054 0.015232 0.999527 0.026711 26.399496 -0.979667 0.009574 0.200403 83.722595 0.000000 0.000000 0.000000 1.000000
1678710766000000000 0.164359 -0.022804 0.986137 -226.532700 -0.010939 0.999629 0.024939 26.270441 -0.986340 -0.014886 0.164049 84.955505 0.000000 0.000000 0.000000 1.000000
1678710766700000000 0.155144 -0.017265 0.987741 -233.615906 0.015065 0.999772 0.015109 26.098335 -0.987777 0.012536 0.155369 86.140198 0.000000 0.000000 0.000000 1.000000
1678710767400000000 0.170388 -0.022494 0.985120 -241.614822 0.011373 0.999718 0.020860 26.168680 -0.985311 0.007649 0.170595 87.359367 0.000000 0.000000 0.000000 1.000000
1678710767800000000 0.193257 -0.013347 0.981057 -245.818314 0.007825 0.999897 0.012062 26.213995 -0.981117 0.005346 0.193341 88.162529 0.000000 0.000000 0.000000 1.000000
1678710768200000000 0.215488 -0.013506 0.976413 -249.978012 0.025738 0.999636 0.008147 26.233959 -0.976167 0.023375 0.215757 88.969635 0.000000 0.000000 0.000000 1.000000
1678710768500000000 0.246158 -0.019801 0.969027 -253.024414 -0.005747 0.999744 0.021888 26.184521 -0.969213 -0.010957 0.245982 89.659004 0.000000 0.000000 0.000000 1.000000
1678710769300000000 0.352117 -0.013535 0.935858 -261.009979 0.003190 0.999907 0.013261 26.188440 -0.935951 -0.001684 0.352127 92.079895 0.000000 0.000000 0.000000 1.000000
1678710769600000000 0.403674 0.028004 0.914474 -263.830292 -0.008912 0.999604 -0.026677 26.154634 -0.914860 0.002619 0.403764 93.144485 0.000000 0.000000 0.000000 1.000000
1678710770400000000 0.542579 0.008076 0.839966 -271.480255 -0.031038 0.999464 0.010440 25.963097 -0.839431 -0.031735 0.542539 97.317467 0.000000 0.000000 0.000000 1.000000
1678710771100000000 0.656830 0.016894 0.753849 -276.507599 -0.029801 0.999550 0.003566 25.657675 -0.753449 -0.024807 0.657038 101.451370 0.000000 0.000000 0.000000 1.000000
1678710771900000000 0.762602 0.013379 0.646730 -283.258270 -0.023203 0.999708 0.006678 25.483276 -0.646452 -0.020099 0.762690 108.130943 0.000000 0.000000 0.000000 1.000000
1678710772600000000 0.843209 0.011598 0.537460 -287.915955 -0.017446 0.999831 0.005795 25.175083 -0.537302 -0.014263 0.843269 114.390800 0.000000 0.000000 0.000000 1.000000
1678710772900000000 0.862599 0.001074 0.505887 -289.274231 -0.016772 0.999509 0.026476 24.993404 -0.505610 -0.031323 0.862193 116.694962 0.000000 0.000000 0.000000 1.000000
1678710773700000000 0.924019 0.043623 0.379851 -293.626495 -0.040850 0.999047 -0.015362 24.526028 -0.380159 -0.001322 0.924920 125.391090 0.000000 0.000000 0.000000 1.000000
1678710774400000000 0.953649 0.035282 0.298845 -296.664734 -0.038686 0.999236 0.005480 24.380444 -0.298424 -0.016787 0.954286 133.449905 0.000000 0.000000 0.000000 1.000000
1678710775100000000 0.976060 0.004523 0.217455 -298.701965 -0.009181 0.999749 0.020412 24.141321 -0.217308 -0.021920 0.975857 141.076508 0.000000 0.000000 0.000000 1.000000
1678710775900000000 0.994415 0.020036 0.103623 -300.426025 -0.021605 0.999668 0.014037 23.846525 -0.103307 -0.016197 0.994518 151.220261 0.000000 0.000000 0.000000 1.000000
1678710776600000000 0.999019 0.010535 0.043024 -301.038269 -0.011083 0.999860 0.012525 23.486221 -0.042886 -0.012990 0.998996 159.753433 0.000000 0.000000 0.000000 1.000000
1678710777000000000 0.999886 -0.011788 0.009432 -301.213623 0.011694 0.999881 0.010064 23.255875 -0.009550 -0.009952 0.999905 164.643936 0.000000 0.000000 0.000000 1.000000
1678710777400000000 0.999999 -0.001328 0.000315 -301.196716 0.001328 0.999999 -0.000900 23.134357 -0.000314 0.000901 1.000000 169.503586 0.000000 0.000000 0.000000 1.000000
1678710777700000000 0.999763 -0.006132 -0.020883 -301.123688 0.006324 0.999938 0.009172 22.951563 0.020826 -0.009302 0.999740 173.141312 0.000000 0.000000 0.000000 1.000000
1678710778500000000 0.998916 -0.046494 -0.002041 -300.996155 0.046449 0.998755 -0.018213 22.662861 0.002885 0.018098 0.999832 182.856644 0.000000 0.000000 0.000000 1.000000
1678710779100000000 0.999338 -0.034470 0.011638 -301.077332 0.034593 0.999346 -0.010564 22.374447 -0.011267 0.010960 0.999876 189.712357 0.000000 0.000000 0.000000 1.000000
1678710779800000000 0.998998 -0.034621 0.028371 -301.297699 0.034770 0.999384 -0.004772 22.035801 -0.028188 0.005754 0.999586 197.884094 0.000000 0.000000 0.000000 1.000000
1678710780200000000 0.999904 0.000835 0.013811 -301.293945 -0.000650 0.999910 -0.013394 22.057846 -0.013821 0.013384 0.999815 203.183731 0.000000 0.000000 0.000000 1.000000
1678710780800000000 0.998861 -0.010675 0.046499 -301.589569 0.011196 0.999877 -0.010941 21.698833 -0.046377 0.011449 0.998858 209.348969 0.000000 0.000000 0.000000 1.000000
1678710781500000000 0.995836 -0.017745 0.089416 -302.004761 0.016029 0.999674 0.019879 21.597172 -0.089739 -0.018363 0.995796 218.542221 0.000000 0.000000 0.000000 1.000000
1678710782300000000 0.988411 -0.030529 0.148699 -303.266815 0.027946 0.999421 0.019427 21.196156 -0.149206 -0.015046 0.988692 228.085434 0.000000 0.000000 0.000000 1.000000
1678710782600000000 0.988339 -0.005219 0.152179 -303.753510 0.001469 0.999693 0.024745 20.959042 -0.152261 -0.024233 0.988043 231.256683 0.000000 0.000000 0.000000 1.000000
1678710783300000000 0.981930 0.002552 0.189230 -305.186798 -0.005524 0.999869 0.015181 20.644773 -0.189166 -0.015952 0.981815 239.468964 0.000000 0.000000 0.000000 1.000000
1678710784000000000 0.976422 -0.008087 0.215719 -306.793213 0.008233 0.999966 0.000224 20.345596 -0.215713 0.001557 0.976456 247.951981 0.000000 0.000000 0.000000 1.000000
1678710784300000000 0.978283 -0.018779 0.206420 -307.491791 0.017964 0.999822 0.005822 20.277788 -0.206492 -0.001988 0.978446 251.304092 0.000000 0.000000 0.000000 1.000000
1678710784900000000 0.976147 -0.018467 0.216322 -309.134033 0.016978 0.999818 0.008740 19.873802 -0.216444 -0.004859 0.976283 258.048004 0.000000 0.000000 0.000000 1.000000
1678710785600000000 0.977122 0.012615 0.212305 -310.879028 -0.008434 0.999752 -0.020590 19.516905 -0.212512 0.018328 0.976987 266.352234 0.000000 0.000000 0.000000 1.000000
1678710786300000000 0.990223 -0.000644 0.139494 -312.306091 -0.000363 0.999974 0.007191 19.275457 -0.139495 -0.007171 0.990197 274.372223 0.000000 0.000000 0.000000 1.000000
1678710787000000000 0.995360 0.005895 0.096039 -313.444702 -0.008667 0.999557 0.028463 19.056112 -0.095829 -0.029164 0.994971 283.340363 0.000000 0.000000 0.000000 1.000000
1678710787400000000 0.997762 0.018964 0.064122 -313.925323 -0.019938 0.999695 0.014584 18.948776 -0.063826 -0.015830 0.997835 288.163727 0.000000 0.000000 0.000000 1.000000
1678710788000000000 0.999136 0.012246 0.039726 -314.259705 -0.012180 0.999924 -0.001888 18.755959 -0.039746 0.001403 0.999209 295.020844 0.000000 0.000000 0.000000 1.000000
1678710788800000000 0.999746 0.011918 0.019151 -314.545135 -0.011461 0.999651 -0.023820 18.305086 -0.019429 0.023595 0.999533 304.871857 0.000000 0.000000 0.000000 1.000000
1678710789500000000 0.999904 -0.013774 0.001714 -314.646088 0.013801 0.999760 -0.016986 18.030355 -0.001480 0.017008 0.999854 313.308746 0.000000 0.000000 0.000000 1.000000
1678710790100000000 0.999423 -0.003564 -0.033789 -314.510651 0.004361 0.999713 0.023553 18.055710 0.033695 -0.023687 0.999151 320.436768 0.000000 0.000000 0.000000 1.000000
1678710790800000000 0.998973 -0.039206 -0.022702 -314.320282 0.039120 0.999226 -0.004203 17.948456 0.022849 0.003310 0.999733 328.840637 0.000000 0.000000 0.000000 1.000000
1678710791200000000 0.999333 -0.024657 -0.026928 -314.299500 0.024648 0.999696 -0.000667 17.903196 0.026936 0.000003 0.999637 333.813629 0.000000 0.000000 0.000000 1.000000
1678710791900000000 0.999786 -0.005041 -0.020057 -314.479736 0.005104 0.999982 0.003135 17.587576 0.020041 -0.003236 0.999794 341.960968 0.000000 0.000000 0.000000 1.000000
1678710792700000000 0.997364 -0.020814 -0.069516 -313.808197 0.022054 0.999610 0.017119 17.353638 0.069133 -0.018607 0.997434 352.588806 0.000000 0.000000 0.000000 1.000000
1678710793300000000 0.996058 -0.043495 -0.077308 -312.960510 0.046189 0.998374 0.033404 17.059746 0.075730 -0.036843 0.996447 360.154724 0.000000 0.000000 0.000000 1.000000
1678710794000000000 0.997443 -0.045606 -0.055030 -312.378174 0.047601 0.998236 0.035492 16.723330 0.053314 -0.038021 0.997854 369.035309 0.000000 0.000000 0.000000 1.000000
1678710794300000000 0.993786 -0.098670 -0.051505 -311.996979 0.098871 0.995099 0.001362 16.656887 0.051118 -0.006446 0.998672 372.648376 0.000000 0.000000 0.000000 1.000000
1678710794900000000 0.997086 -0.067233 -0.036057 -311.809265 0.066626 0.997620 -0.017773 16.468884 0.037166 0.015319 0.999192 380.164612 0.000000 0.000000 0.000000 1.000000
1678710795600000000 0.998342 -0.042503 -0.038809 -311.466949 0.041546 0.998820 -0.025148 16.197926 0.039832 0.023494 0.998930 388.938690 0.000000 0.000000 0.000000 1.000000
1678710795900000000 0.998705 -0.029255 -0.041612 -311.256378 0.028763 0.999510 -0.012368 16.030420 0.041954 0.011156 0.999057 392.378601 0.000000 0.000000 0.000000 1.000000
1678710796600000000 0.997449 -0.043536 -0.056568 -310.798157 0.042439 0.998890 -0.020457 15.793595 0.057396 0.018004 0.998189 400.984283 0.000000 0.000000 0.000000 1.000000
1678710797200000000 0.997876 -0.044278 -0.047787 -310.476044 0.044205 0.999019 -0.002575 15.578885 0.047854 0.000457 0.998854 407.907104 0.000000 0.000000 0.000000 1.000000
1678710797600000000 0.997928 -0.039520 -0.050773 -310.411713 0.038454 0.999022 -0.021802 15.461873 0.051585 0.019804 0.998472 413.009247 0.000000 0.000000 0.000000 1.000000
1678710798200000000 0.997313 -0.038763 -0.062160 -310.212219 0.038890 0.999243 0.000830 15.257361 0.062080 -0.003245 0.998066 420.226166 0.000000 0.000000 0.000000 1.000000
1678710798900000000 0.998976 -0.021427 -0.039852 -309.942932 0.020968 0.999709 -0.011900 14.971041 0.040096 0.011052 0.999135 429.063782 0.000000 0.000000 0.000000 1.000000
1678710799600000000 0.999169 -0.007260 -0.040118 -309.618225 0.006829 0.999918 -0.010864 14.707667 0.040193 0.010581 0.999136 437.788849 0.000000 0.000000 0.000000 1.000000
1678710799900000000 0.998632 -0.006015 -0.051946 -309.387970 0.005321 0.999895 -0.013491 14.596918 0.052022 0.013196 0.998559 441.093781 0.000000 0.000000 0.000000 1.000000
1678710800700000000 0.997623 0.029813 -0.062119 -309.141418 -0.031364 0.999216 -0.024146 14.331247 0.061351 0.026037 0.997777 450.780701 0.000000 0.000000 0.000000 1.000000
