1678710495099999904 1.000000 0.000000 -0.000000 -0.000000 0.000000 1.000000 0.000000 0.000000 0.000000 -0.000000 1.000000 0.000000 0.000000 0.000000 0.000000 1.000000
1678710495200000047 0.999987 0.004886 -0.001223 0.094212 -0.004885 0.999988 0.000275 0.023982 0.001224 -0.000269 0.999999 1.763887 0.000000 0.000000 0.000000 1.000000
1678710495799999952 0.999477 0.032338 -0.000874 0.633168 -0.032336 0.999473 0.002765 0.050598 0.000963 -0.002736 0.999996 6.319610 0.000000 0.000000 0.000000 1.000000
1678710496400000095 0.999418 0.033806 -0.004487 0.304141 -0.033814 0.999427 -0.001626 0.130159 0.004429 0.001776 0.999989 15.290297 0.000000 0.000000 0.000000 1.000000
1678710497099999904 0.999459 0.032351 -0.005968 -0.097156 -0.032364 0.999474 -0.002111 0.197258 0.005896 0.002303 0.999980 25.386091 0.000000 0.000000 0.000000 1.000000
1678710497700000047 0.999574 0.028693 -0.005254 -0.410848 -0.028706 0.999585 -0.002307 0.264507 0.005186 0.002457 0.999984 33.670738 0.000000 0.000000 0.000000 1.000000
1678710498400000095 0.999949 0.007616 -0.006650 -0.642276 -0.007628 0.999969 -0.001714 0.330408 0.006637 0.001765 0.999976 42.509090 0.000000 0.000000 0.000000 1.000000
1678710499000000000 0.998952 -0.044969 -0.008543 -0.629975 0.044877 0.998936 -0.010650 0.380539 0.009013 0.010256 0.999907 49.610367 0.000000 0.000000 0.000000 1.000000
1678710499500000000 0.990699 -0.135672 -0.010394 -0.174479 0.135510 0.990663 -0.014949 0.407070 0.012325 0.013402 0.999834 55.195686 0.000000 0.000000 0.000000 1.000000
1678710500200000047 0.951530 -0.307121 -0.016365 1.456844 0.307334 0.951519 0.012577 0.409214 0.011709 -0.016997 0.999787 62.389793 0.000000 0.000000 0.000000 1.000000
1678710500799999952 0.875963 -0.482224 -0.012233 3.806076 0.482376 0.875594 0.025476 0.397320 -0.001574 -0.028217 0.999601 67.732643 0.000000 0.000000 0.000000 1.000000
1678710501299999952 0.772432 -0.635037 -0.008742 6.415949 0.635097 0.772373 0.009547 0.364313 0.000689 -0.012926 0.999916 71.647812 0.000000 0.000000 0.000000 1.000000
1678710501900000095 0.618756 -0.785564 -0.005450 10.348731 0.785576 0.618707 0.008496 0.363244 -0.003302 -0.009539 0.999949 75.455582 0.000000 0.000000 0.000000 1.000000
1678710502500000000 0.431352 -0.902070 0.014334 15.022749 0.902183 0.431318 -0.005545 0.447003 -0.001180 0.015324 0.999882 78.392456 0.000000 0.000000 0.000000 1.000000
1678710503099999904 0.216654 -0.976172 0.012182 20.399811 0.975962 0.216271 -0.026933 0.553487 0.023656 0.017724 0.999563 80.250595 0.000000 0.000000 0.000000 1.000000
1678710503700000047 0.025261 -0.999404 0.023531 26.216879 0.999655 0.025084 -0.007800 0.691490 0.007205 0.023720 0.999693 80.829521 0.000000 0.000000 0.000000 1.000000
1678710504200000047 -0.059502 -0.997819 0.028576 31.097517 0.998228 -0.059481 0.001568 0.818340 0.000135 0.028618 0.999590 80.676926 0.000000 0.000000 0.000000 1.000000
1678710504799999952 -0.085817 -0.995019 0.050723 37.129654 0.996242 -0.085101 0.016129 1.075410 -0.011732 0.051916 0.998583 80.200836 0.000000 0.000000 0.000000 1.000000
1678710505400000095 -0.098771 -0.993503 0.056527 43.243343 0.995036 -0.097909 0.017831 1.425484 -0.012181 0.058008 0.998242 79.628120 0.000000 0.000000 0.000000 1.000000
1678710505799999952 -0.109347 -0.991589 0.069245 47.399731 0.994003 -0.109025 0.008429 1.688702 -0.000809 0.069751 0.997564 79.207550 0.000000 0.000000 0.000000 1.000000
1678710506299999952 -0.120096 -0.990589 0.065646 52.697041 0.992757 -0.120056 0.004581 2.051732 0.003343 0.065721 0.997832 78.625000 0.000000 0.000000 0.000000 1.000000
1678710506799999952 -0.120813 -0.990291 0.068761 58.073647 0.992561 -0.121558 -0.006740 2.431679 0.015033 0.067435 0.997610 78.027039 0.000000 0.000000 0.000000 1.000000
1678710507500000000 -0.120892 -0.991169 0.054497 65.797859 0.992666 -0.120721 0.006423 2.920971 0.000213 0.054874 0.998493 77.077644 0.000000 0.000000 0.000000 1.000000
1678710508000000000 -0.118412 -0.991471 0.054449 71.453682 0.992964 -0.118278 0.005687 3.261594 0.000802 0.054739 0.998500 76.423058 0.000000 0.000000 0.000000 1.000000
1678710508400000095 -0.117034 -0.991235 0.061285 76.039627 0.993121 -0.117047 0.003386 3.538438 0.003817 0.061260 0.998115 75.900711 0.000000 0.000000 0.000000 1.000000
1678710508799999952 -0.116460 -0.991425 0.059275 80.708733 0.993183 -0.116550 0.001951 3.815455 0.004974 0.059098 0.998240 75.372421 0.000000 0.000000 0.000000 1.000000
1678710509099999904 -0.115180 -0.991885 0.053830 84.265366 0.993334 -0.115257 0.001691 4.029564 0.004527 0.053666 0.998549 74.967636 0.000000 0.000000 0.000000 1.000000
1678710509599999904 -0.110645 -0.992497 0.052037 90.277542 0.993859 -0.110426 0.007065 4.373554 -0.001265 0.052499 0.998620 74.296661 0.000000 0.000000 0.000000 1.000000
1678710509900000095 -0.106184 -0.993041 0.050940 93.945801 0.994346 -0.106068 0.004972 4.568357 0.000466 0.051180 0.998689 73.927780 0.000000 0.000000 0.000000 1.000000
1678710510500000000 -0.104463 -0.993272 0.049989 101.396667 0.994451 -0.104951 -0.007241 4.977144 0.012438 0.048956 0.998724 73.206192 0.000000 0.000000 0.000000 1.000000
1678710511000000000 -0.114823 -0.992465 0.042763 107.715340 0.993219 -0.115485 -0.013355 5.303998 0.018193 0.040940 0.998996 72.553413 0.000000 0.000000 0.000000 1.000000
1678710511500000000 -0.152656 -0.987278 0.044473 113.925217 0.988018 -0.153497 -0.016119 5.631289 0.022741 0.041479 0.998881 71.786537 0.000000 0.000000 0.000000 1.000000
1678710512000000000 -0.226702 -0.972752 0.048580 120.004608 0.973753 -0.227410 -0.009491 5.958521 0.020280 0.045154 0.998774 70.626411 0.000000 0.000000 0.000000 1.000000
1678710512400000095 -0.288963 -0.956255 0.045561 124.729744 0.956726 -0.290155 -0.022027 6.221927 0.034283 0.037224 0.998719 69.429817 0.000000 0.000000 0.000000 1.000000
1678710512799999952 -0.346322 -0.936700 0.051513 129.301758 0.937286 -0.347803 -0.022994 6.495160 0.039455 0.040320 0.998408 67.901924 0.000000 0.000000 0.000000 1.000000
1678710513099999904 -0.389933 -0.919373 0.052022 132.646210 0.919805 -0.391553 -0.025384 6.696021 0.043707 0.037952 0.998323 66.604523 0.000000 0.000000 0.000000 1.000000
1678710513400000095 -0.433936 -0.899052 0.058361 135.907990 0.899812 -0.435726 -0.021922 6.909918 0.045138 0.043001 0.998055 65.134903 0.000000 0.000000 0.000000 1.000000
1678710513900000095 -0.510269 -0.857699 0.063069 141.271683 0.858226 -0.512564 -0.026957 7.307369 0.055448 0.040373 0.997645 62.292934 0.000000 0.000000 0.000000 1.000000
1678710514299999952 -0.573470 -0.816477 0.067059 145.453583 0.816721 -0.576195 -0.031081 7.636923 0.064016 0.036945 0.997265 59.663643 0.000000 0.000000 0.000000 1.000000
1678710514799999952 -0.648393 -0.758517 0.065109 150.444580 0.758254 -0.651078 -0.033902 8.052033 0.068106 0.027388 0.997302 55.873142 0.000000 0.000000 0.000000 1.000000
1678710515099999904 -0.695675 -0.715537 0.063588 153.303009 0.714641 -0.698352 -0.039913 8.305855 0.072966 0.017676 0.997178 53.322048 0.000000 0.000000 0.000000 1.000000
1678710515500000000 -0.763393 -0.642684 0.064725 156.848450 0.641088 -0.766103 -0.045735 8.641794 0.078979 0.006581 0.996855 49.602669 0.000000 0.000000 0.000000 1.000000
1678710516000000000 -0.837000 -0.542335 0.072825 160.701553 0.541230 -0.840110 -0.035864 9.114678 0.080631 0.009397 0.996700 44.462650 0.000000 0.000000 0.000000 1.000000
1678710516299999952 -0.871963 -0.484043 0.073372 162.692673 0.483216 -0.874993 -0.029814 9.402854 0.078632 0.009458 0.996859 41.156445 0.000000 0.000000 0.000000 1.000000
1678710516700000047 -0.904982 -0.418162 0.078412 165.044540 0.417079 -0.908358 -0.030501 9.828009 0.083980 0.005101 0.996454 36.575050 0.000000 0.000000 0.000000 1.000000
1678710517200000047 -0.932453 -0.354626 0.069079 167.566986 0.353128 -0.934985 -0.033227 10.330876 0.076371 -0.006589 0.997058 30.633562 0.000000 0.000000 0.000000 1.000000
1678710517799999952 -0.944735 -0.320889 0.067128 170.188797 0.319289 -0.947061 -0.033625 10.923174 0.074364 -0.010334 0.997178 23.376770 0.000000 0.000000 0.000000 1.000000
1678710518500000000 -0.946147 -0.313939 0.079041 173.089645 0.311537 -0.949331 -0.041408 11.630916 0.088035 -0.014554 0.996011 14.795568 0.000000 0.000000 0.000000 1.000000
1678710519099999904 -0.937526 -0.340826 0.069874 175.629639 0.338330 -0.939939 -0.045253 12.255152 0.081100 -0.018785 0.996529 7.566604 0.000000 0.000000 0.000000 1.000000
1678710519500000000 -0.923936 -0.376255 0.069097 177.452774 0.374170 -0.926432 -0.041472 12.641096 0.079618 -0.012464 0.996748 2.844423 0.000000 0.000000 0.000000 1.000000
1678710519900000095 -0.900752 -0.429143 0.066949 179.534180 0.427341 -0.903206 -0.039972 13.021544 0.077623 -0.007395 0.996955 -1.829970 0.000000 0.000000 0.000000 1.000000
1678710520400000095 -0.865362 -0.497934 0.056649 182.468811 0.497226 -0.867201 -0.026987 13.471269 0.062564 0.004814 0.998029 -7.405943 0.000000 0.000000 0.000000 1.000000
1678710520799999952 -0.823696 -0.564820 0.050032 185.096161 0.564757 -0.825087 -0.016749 13.789030 0.050741 0.014460 0.998607 -11.620988 0.000000 0.000000 0.000000 1.000000
1678710521200000047 -0.770692 -0.635718 0.043545 188.042938 0.636022 -0.771627 -0.008259 14.067668 0.038851 0.021330 0.999017 -15.531972 0.000000 0.000000 0.000000 1.000000
1678710521599999904 -0.699945 -0.712858 0.043724 191.281754 0.713378 -0.700762 -0.004989 14.333804 0.034197 0.027700 0.999031 -19.067371 0.000000 0.000000 0.000000 1.000000
1678710522000000000 -0.618535 -0.784602 0.042594 194.836884 0.785029 -0.619386 -0.009474 14.573233 0.033816 0.027578 0.999048 -22.151781 0.000000 0.000000 0.000000 1.000000
1678710522400000095 -0.519455 -0.853554 0.040145 198.686859 0.854096 -0.520078 -0.006242 14.811138 0.026206 0.031045 0.999174 -24.839678 0.000000 0.000000 0.000000 1.000000
1678710522799999952 -0.405238 -0.913473 0.036725 202.801605 0.913999 -0.405683 -0.005248 15.015265 0.019693 0.031440 0.999312 -26.966513 0.000000 0.000000 0.000000 1.000000
1678710523200000047 -0.276138 -0.960546 0.033150 207.166794 0.961087 -0.276241 0.001523 15.218746 0.007695 0.032280 0.999449 -28.560463 0.000000 0.000000 0.000000 1.000000
1678710523700000047 -0.100383 -0.994562 0.027744 212.913223 0.994931 -0.100172 0.008873 15.440709 -0.006046 0.028494 0.999576 -29.658686 0.000000 0.000000 0.000000 1.000000
1678710524099999904 0.035038 -0.998973 0.028710 217.546906 0.999335 0.035313 0.009121 15.609508 -0.010126 0.028371 0.999546 -29.769897 0.000000 0.000000 0.000000 1.000000
1678710524500000000 0.159658 -0.986765 0.028364 222.176071 0.986970 0.160140 0.015631 15.773798 -0.019966 0.025499 0.999475 -29.280542 0.000000 0.000000 0.000000 1.000000
1678710525000000000 0.308669 -0.950635 0.031888 227.862259 0.950345 0.309624 0.031267 15.987785 -0.039596 0.020653 0.999002 -27.897789 0.000000 0.000000 0.000000 1.000000
1678710525500000000 0.450716 -0.891726 0.040987 233.383667 0.891152 0.452151 0.037519 16.234810 -0.051989 0.019616 0.998455 -25.607241 0.000000 0.000000 0.000000 1.000000
1678710526000000000 0.573985 -0.817639 0.044804 238.541351 0.816802 0.575563 0.039530 16.522596 -0.058108 0.013906 0.998213 -22.467247 0.000000 0.000000 0.000000 1.000000
1678710526500000000 0.660773 -0.749436 0.041525 243.285172 0.748157 0.662073 0.043810 16.823050 -0.060326 0.002119 0.998176 -18.675840 0.000000 0.000000 0.000000 1.000000
1678710527000000000 0.735387 -0.676443 0.040383 247.693451 0.674843 0.736458 0.047076 17.108244 -0.061584 -0.007367 0.998075 -14.313657 0.000000 0.000000 0.000000 1.000000
1678710527599999904 0.805247 -0.591379 0.042984 252.493866 0.589410 0.806246 0.050622 17.478498 -0.064593 -0.015428 0.997792 -8.420676 0.000000 0.000000 0.000000 1.000000
1678710528299999952 0.849969 -0.525049 0.043313 257.498810 0.522416 0.850613 0.059486 17.905685 -0.068075 -0.027934 0.997289 -0.824494 0.000000 0.000000 0.000000 1.000000
1678710528900000095 0.864526 -0.500996 0.039964 261.580170 0.498011 0.864648 0.066097 18.270096 -0.067669 -0.037240 0.997013 6.041724 0.000000 0.000000 0.000000 1.000000
1678710529500000000 0.873004 -0.486175 0.038695 265.500244 0.483587 0.873188 0.060714 18.621735 -0.063306 -0.034291 0.997405 13.030533 0.000000 0.000000 0.000000 1.000000
1678710529900000095 0.873886 -0.484255 0.042657 268.058899 0.481921 0.874500 0.054778 18.874941 -0.063830 -0.027313 0.997587 17.723358 0.000000 0.000000 0.000000 1.000000
1678710530200000047 0.874354 -0.483749 0.038632 269.985565 0.481340 0.874621 0.057875 19.064520 -0.061785 -0.032008 0.997576 21.232500 0.000000 0.000000 0.000000 1.000000
1678710530700000047 0.874685 -0.483120 0.039004 273.223389 0.480413 0.874821 0.062383 19.361547 -0.064260 -0.035828 0.997290 27.126471 0.000000 0.000000 0.000000 1.000000
1678710531200000047 0.875098 -0.482542 0.036831 276.505676 0.479916 0.875096 0.062358 19.640228 -0.062322 -0.036894 0.997374 33.106285 0.000000 0.000000 0.000000 1.000000
1678710531500000000 0.875646 -0.481790 0.033497 278.474457 0.479467 0.875551 0.059347 19.810884 -0.057921 -0.035906 0.997675 36.742199 0.000000 0.000000 0.000000 1.000000
1678710531900000095 0.876521 -0.480646 0.026279 281.118042 0.478688 0.876097 0.057540 20.001287 -0.050679 -0.037856 0.997997 41.596107 0.000000 0.000000 0.000000 1.000000
1678710532200000047 0.878736 -0.476837 0.021196 283.070190 0.475011 0.877997 0.059044 20.134441 -0.046764 -0.041816 0.998030 45.207787 0.000000 0.000000 0.000000 1.000000
1678710532500000000 0.882484 -0.469916 0.020040 284.965698 0.468222 0.881748 0.057345 20.270977 -0.044618 -0.041223 0.998153 48.756863 0.000000 0.000000 0.000000 1.000000
1678710532900000095 0.888763 -0.458201 0.012336 287.415649 0.456780 0.887603 0.059262 20.411423 -0.038103 -0.047035 0.998166 53.462742 0.000000 0.000000 0.000000 1.000000
1678710533299999952 0.893563 -0.448750 0.012994 289.728638 0.447357 0.892469 0.058055 20.538490 -0.037649 -0.046063 0.998229 58.066551 0.000000 0.000000 0.000000 1.000000
1678710533799999952 0.890536 -0.454267 0.024250 292.481689 0.452722 0.890212 0.050654 20.724422 -0.044598 -0.034131 0.998422 63.626232 0.000000 0.000000 0.000000 1.000000
1678710534099999904 0.879447 -0.475363 0.024557 294.172882 0.474259 0.879474 0.040047 20.848614 -0.040634 -0.023573 0.998896 66.909363 0.000000 0.000000 0.000000 1.000000
1678710534700000047 0.836461 -0.547756 0.017211 297.836792 0.546934 0.836365 0.036834 21.051224 -0.034571 -0.021397 0.999173 73.161819 0.000000 0.000000 0.000000 1.000000
1678710535299999952 0.753092 -0.657771 0.013773 302.172668 0.657441 0.753178 0.022228 21.231251 -0.024994 -0.007685 0.999658 79.026314 0.000000 0.000000 0.000000 1.000000
1678710535900000095 0.622745 -0.782355 0.010476 307.195770 0.782339 0.622819 0.006481 21.388655 -0.011595 0.004160 0.999924 83.956192 0.000000 0.000000 0.000000 1.000000
1678710536500000000 0.446408 -0.894806 0.006497 312.898102 0.894829 0.446389 -0.004263 21.516502 0.000915 0.007717 0.999970 87.667328 0.000000 0.000000 0.000000 1.000000
1678710537099999904 0.249201 -0.968420 0.007920 319.040436 0.968395 0.249089 -0.012879 21.626116 0.010499 0.010879 0.999886 90.023232 0.000000 0.000000 0.000000 1.000000
1678710537599999904 0.072540 -0.997254 0.014912 324.387909 0.997106 0.072172 -0.023907 21.715286 0.022765 0.016603 0.999603 90.944748 0.000000 0.000000 0.000000 1.000000
1678710538200000047 -0.143378 -0.989554 0.015023 330.768127 0.988978 -0.143828 -0.035154 21.853720 0.036947 0.009817 0.999269 90.750954 0.000000 0.000000 0.000000 1.000000
1678710538799999952 -0.356977 -0.934053 0.010608 336.914948 0.932920 -0.357072 -0.046474 21.982821 0.047197 -0.006694 0.998863 89.196114 0.000000 0.000000 0.000000 1.000000
1678710539400000095 -0.552679 -0.833255 0.015238 342.567749 0.831750 -0.552645 -0.052687 22.097975 0.052323 -0.016445 0.998495 86.332344 0.000000 0.000000 0.000000 1.000000
1678710540000000000 -0.729392 -0.683426 0.030279 347.600159 0.680890 -0.729542 -0.064481 22.280949 0.066158 -0.026416 0.997459 82.128242 0.000000 0.000000 0.000000 1.000000
1678710540599999904 -0.866891 -0.496874 0.040203 351.627533 0.493949 -0.867052 -0.065076 22.569365 0.067193 -0.036556 0.997070 76.769211 0.000000 0.000000 0.000000 1.000000
1678710541000000000 -0.930091 -0.365396 0.037637 353.524200 0.362656 -0.929717 -0.064086 22.767612 0.058409 -0.045957 0.997234 72.808426 0.000000 0.000000 0.000000 1.000000
1678710541500000000 -0.971922 -0.229447 0.052164 355.069000 0.226681 -0.972474 -0.053952 23.079239 0.063107 -0.040613 0.997180 67.638596 0.000000 0.000000 0.000000 1.000000
1678710542099999904 -0.985810 -0.158858 0.054248 356.261658 0.156468 -0.986621 -0.045797 23.458193 0.060798 -0.036659 0.997477 61.264606 0.000000 0.000000 0.000000 1.000000
1678710542799999952 -0.993270 -0.102360 0.054200 357.276672 0.100062 -0.994028 -0.043551 23.935463 0.058334 -0.037834 0.997580 53.749706 0.000000 0.000000 0.000000 1.000000
1678710543400000095 -0.994092 -0.096280 0.050117 357.835022 0.094971 -0.995090 -0.027868 24.335489 0.052554 -0.022944 0.998354 47.519852 0.000000 0.000000 0.000000 1.000000
1678710544000000000 -0.985480 -0.163584 0.045501 358.578125 0.162288 -0.986260 -0.030867 24.707104 0.049926 -0.023035 0.998487 41.760555 0.000000 0.000000 0.000000 1.000000
1678710544599999904 -0.939919 -0.338972 0.040628 359.810486 0.338069 -0.940718 -0.027551 25.002907 0.047559 -0.012161 0.998794 36.884579 0.000000 0.000000 0.000000 1.000000
1678710545400000095 -0.697452 -0.716545 -0.011110 363.161804 0.715745 -0.695735 -0.060511 25.188883 0.035629 -0.050155 0.998106 32.006081 0.000000 0.000000 0.000000 1.000000
1678710546200000047 -0.260094 -0.963463 -0.063955 368.477936 0.965064 -0.257211 -0.049933 25.007755 0.031659 -0.074708 0.996703 29.410572 0.000000 0.000000 0.000000 1.000000
1678710546700000047 -0.022654 -0.998644 -0.046863 372.645660 0.999492 -0.021573 -0.023451 24.727486 0.022408 -0.047371 0.998626 28.970625 0.000000 0.000000 0.000000 1.000000
1678710547500000000 0.237520 -0.970740 -0.035335 380.048218 0.971194 0.238034 -0.011079 24.443533 0.019166 -0.031686 0.999314 29.942833 0.000000 0.000000 0.000000 1.000000
1678710548000000000 0.381296 -0.923830 -0.033946 384.644165 0.924240 0.381739 -0.007454 24.343262 0.019845 -0.028532 0.999396 31.512917 0.000000 0.000000 0.000000 1.000000
1678710548500000000 0.543666 -0.838936 -0.024748 388.927002 0.839257 0.543704 0.005780 24.227415 0.008607 -0.023912 0.999677 33.842228 0.000000 0.000000 0.000000 1.000000
1678710549000000000 0.691852 -0.721854 -0.016377 392.726868 0.722033 0.691764 0.011451 24.163677 0.003063 -0.019747 0.999800 36.947704 0.000000 0.000000 0.000000 1.000000
1678710549400000095 0.769874 -0.638180 -0.004584 395.347076 0.638192 0.769821 0.009318 24.159891 -0.002418 -0.010099 0.999946 39.875378 0.000000 0.000000 0.000000 1.000000
1678710549799999952 0.820088 -0.572233 -0.002370 397.686829 0.572179 0.819937 0.017741 24.187056 -0.008209 -0.015905 0.999840 43.014935 0.000000 0.000000 0.000000 1.000000
1678710550299999952 0.875414 -0.483361 0.003562 400.189209 0.483041 0.875060 0.030668 24.230104 -0.017941 -0.025126 0.999523 47.111301 0.000000 0.000000 0.000000 1.000000
1678710550700000047 0.913512 -0.406799 0.003150 401.884277 0.406336 0.912792 0.041246 24.272671 -0.019654 -0.036399 0.999144 50.572273 0.000000 0.000000 0.000000 1.000000
1678710551099999904 0.950929 -0.309334 0.006757 403.250854 0.308671 0.949944 0.048250 24.331898 -0.021344 -0.043797 0.998812 54.158581 0.000000 0.000000 0.000000 1.000000
1678710551500000000 0.980367 -0.196912 0.010286 404.201599 0.196031 0.978951 0.056802 24.389168 -0.021255 -0.053671 0.998332 57.927887 0.000000 0.000000 0.000000 1.000000
1678710552000000000 0.997503 -0.067311 0.021385 404.775879 0.065783 0.995678 0.065552 24.498562 -0.025705 -0.063981 0.997620 62.901581 0.000000 0.000000 0.000000 1.000000
1678710552500000000 0.999572 -0.006021 0.028645 404.868835 0.004353 0.998311 0.057934 24.642736 -0.028945 -0.057784 0.997909 68.174820 0.000000 0.000000 0.000000 1.000000
1678710553000000000 0.999363 0.013560 0.033002 404.813354 -0.015669 0.997793 0.064526 24.829062 -0.032054 -0.065002 0.997370 73.672882 0.000000 0.000000 0.000000 1.000000
1678710553500000000 0.999111 0.027592 0.031878 404.660706 -0.029570 0.997555 0.063324 25.027180 -0.030053 -0.064210 0.997484 79.388000 0.000000 0.000000 0.000000 1.000000
1678710553799999952 0.998833 0.034553 0.033732 404.524872 -0.036746 0.997095 0.066717 25.158453 -0.031328 -0.067879 0.997202 82.920082 0.000000 0.000000 0.000000 1.000000
1678710554099999904 0.998683 0.040221 0.031846 404.378967 -0.042369 0.996653 0.069906 25.287609 -0.028928 -0.071163 0.997045 86.564133 0.000000 0.000000 0.000000 1.000000
1678710554299999952 0.998632 0.042096 0.031001 404.260284 -0.044273 0.996332 0.073232 25.378040 -0.027805 -0.074504 0.996833 89.012268 0.000000 0.000000 0.000000 1.000000
1678710554799999952 0.998057 0.052403 0.033705 403.938446 -0.054625 0.996133 0.068806 25.610672 -0.029969 -0.070514 0.997061 95.291779 0.000000 0.000000 0.000000 1.000000
1678710555200000047 0.997133 0.065852 0.037272 403.634216 -0.068508 0.994816 0.075154 25.828876 -0.032129 -0.077492 0.996475 100.354317 0.000000 0.000000 0.000000 1.000000
1678710555599999904 0.995938 0.080390 0.040570 403.237549 -0.083290 0.993642 0.075751 26.069944 -0.034223 -0.078822 0.996301 105.410179 0.000000 0.000000 0.000000 1.000000
1678710556000000000 0.994896 0.094778 0.034623 402.766815 -0.097024 0.992799 0.070266 26.301035 -0.027714 -0.073267 0.996927 110.419479 0.000000 0.000000 0.000000 1.000000
1678710556700000047 0.992775 0.110844 0.045955 401.783386 -0.113324 0.992011 0.055415 26.717476 -0.039446 -0.060223 0.997405 119.085945 0.000000 0.000000 0.000000 1.000000
1678710557099999904 0.992456 0.111965 0.049952 401.234955 -0.115231 0.990998 0.068155 26.988279 -0.041871 -0.073397 0.996423 124.014267 0.000000 0.000000 0.000000 1.000000
1678710557500000000 0.992929 0.106763 0.051907 400.634857 -0.109530 0.992528 0.053762 27.275162 -0.045780 -0.059067 0.997204 128.946426 0.000000 0.000000 0.000000 1.000000
1678710557799999952 0.993517 0.100838 0.052502 400.240234 -0.103674 0.993121 0.054420 27.499516 -0.046653 -0.059510 0.997137 132.635651 0.000000 0.000000 0.000000 1.000000
1678710558200000047 0.994362 0.094199 0.048691 399.732178 -0.096750 0.993897 0.052994 27.780979 -0.043402 -0.057406 0.997407 137.544495 0.000000 0.000000 0.000000 1.000000
1678710558700000047 0.994684 0.088210 0.053123 399.142456 -0.090922 0.994552 0.050992 28.146757 -0.048336 -0.055551 0.997285 143.666351 0.000000 0.000000 0.000000 1.000000
1678710559299999952 0.994783 0.085730 0.055286 398.471588 -0.088869 0.994408 0.057056 28.573065 -0.050085 -0.061671 0.996839 151.071243 0.000000 0.000000 0.000000 1.000000
1678710559700000047 0.995066 0.083447 0.053667 398.015289 -0.086521 0.994575 0.057744 28.884407 -0.048557 -0.062103 0.996888 156.041489 0.000000 0.000000 0.000000 1.000000
1678710560299999952 0.995101 0.080207 0.057801 397.377319 -0.083813 0.994493 0.062926 29.333965 -0.052435 -0.067462 0.996343 163.468414 0.000000 0.000000 0.000000 1.000000
1678710560900000095 0.995651 0.077243 0.052073 396.763855 -0.080763 0.994323 0.069280 29.788683 -0.046426 -0.073185 0.996237 170.959000 0.000000 0.000000 0.000000 1.000000
1678710561299999952 0.996417 0.062336 0.057161 396.360809 -0.065791 0.995986 0.060695 30.091646 -0.053148 -0.064238 0.996518 175.970657 0.000000 0.000000 0.000000 1.000000
1678710561599999904 0.997710 0.045158 0.050357 396.132782 -0.048290 0.996856 0.062816 30.318123 -0.047362 -0.065104 0.996754 179.773712 0.000000 0.000000 0.000000 1.000000
1678710562000000000 0.998631 0.022788 0.047074 395.941925 -0.026056 0.997206 0.070015 30.592010 -0.045347 -0.071146 0.996435 184.822266 0.000000 0.000000 0.000000 1.000000
1678710562400000095 0.998709 -0.000070 0.050801 395.842102 -0.003300 0.997797 0.066255 30.866690 -0.050694 -0.066337 0.996509 189.928268 0.000000 0.000000 0.000000 1.000000
1678710563000000000 0.998206 -0.031010 0.051221 395.934906 0.027915 0.997804 0.060071 31.258715 -0.052971 -0.058533 0.996879 197.544830 0.000000 0.000000 0.000000 1.000000
1678710563400000095 0.997436 -0.054309 0.046604 396.142853 0.050888 0.996127 0.071698 31.534901 -0.050318 -0.069143 0.996337 202.646545 0.000000 0.000000 0.000000 1.000000
1678710563799999952 0.996121 -0.076497 0.043490 396.460327 0.073308 0.994800 0.070707 31.801039 -0.048673 -0.067245 0.996549 207.754593 0.000000 0.000000 0.000000 1.000000
1678710564200000047 0.994255 -0.098609 0.041642 396.855865 0.096147 0.993706 0.057478 32.049244 -0.047048 -0.053144 0.997478 212.874527 0.000000 0.000000 0.000000 1.000000
1678710564599999904 0.991601 -0.123945 0.036939 397.395386 0.121666 0.990839 0.058613 32.279045 -0.043866 -0.053627 0.997597 217.987320 0.000000 0.000000 0.000000 1.000000
1678710565000000000 0.988051 -0.150796 0.031859 398.066833 0.148986 0.987412 0.053118 32.487476 -0.039468 -0.047737 0.998080 223.126312 0.000000 0.000000 0.000000 1.000000
1678710565500000000 0.983726 -0.177806 0.025860 399.109650 0.176097 0.982674 0.057801 32.724205 -0.035690 -0.052306 0.997993 229.527557 0.000000 0.000000 0.000000 1.000000
1678710565900000095 0.979874 -0.198740 0.018718 400.053223 0.197682 0.979120 0.047384 32.873264 -0.027744 -0.042730 0.998701 234.658279 0.000000 0.000000 0.000000 1.000000
1678710566200000047 0.975824 -0.217142 0.024838 400.856079 0.215758 0.975214 0.049058 32.978111 -0.034875 -0.042513 0.998487 238.535172 0.000000 0.000000 0.000000 1.000000
1678710566599999904 0.969202 -0.245707 0.016597 402.061615 0.244626 0.968322 0.050109 33.103207 -0.028383 -0.044505 0.998606 243.695709 0.000000 0.000000 0.000000 1.000000
1678710567000000000 0.959426 -0.281848 0.007925 403.442963 0.281148 0.958418 0.048897 33.202374 -0.021377 -0.044685 0.998772 248.867340 0.000000 0.000000 0.000000 1.000000
1678710567400000095 0.948877 -0.315647 -0.000474 405.038177 0.315263 0.947647 0.050739 33.253735 -0.015566 -0.048294 0.998712 254.032120 0.000000 0.000000 0.000000 1.000000
1678710567700000047 0.942234 -0.334846 -0.008514 406.339752 0.334856 0.941038 0.048158 33.279884 -0.008113 -0.048227 0.998803 257.881439 0.000000 0.000000 0.000000 1.000000
1678710568000000000 0.935513 -0.352956 -0.015405 407.693878 0.353285 0.934337 0.046947 33.272728 -0.002176 -0.049362 0.998779 261.659973 0.000000 0.000000 0.000000 1.000000
1678710568400000095 0.927000 -0.374546 -0.019654 409.590698 0.375061 0.925788 0.047396 33.257874 0.000444 -0.051307 0.998683 266.588898 0.000000 0.000000 0.000000 1.000000
1678710568900000095 0.918262 -0.395659 -0.015810 412.052856 0.395955 0.917091 0.046520 33.186733 -0.003907 -0.048978 0.998792 272.557343 0.000000 0.000000 0.000000 1.000000
1678710569099999904 0.916136 -0.400440 -0.018494 413.096222 0.400855 0.914781 0.049915 33.159744 -0.003070 -0.053142 0.998582 274.948517 0.000000 0.000000 0.000000 1.000000
1678710569599999904 0.910043 -0.413614 -0.027289 415.694244 0.414483 0.908805 0.047726 33.056168 0.005060 -0.054744 0.998488 280.840759 0.000000 0.000000 0.000000 1.000000
1678710569900000095 0.908301 -0.417209 -0.030442 417.264557 0.418255 0.907018 0.048800 32.983509 0.007251 -0.057058 0.998345 284.321777 0.000000 0.000000 0.000000 1.000000
1678710570299999952 0.906006 -0.421864 -0.034398 419.344788 0.423169 0.904530 0.052471 32.873974 0.008978 -0.062096 0.998030 288.836212 0.000000 0.000000 0.000000 1.000000
1678710570799999952 0.903515 -0.427201 -0.034051 421.871033 0.428335 0.902745 0.039757 32.739025 0.013755 -0.050507 0.998629 294.316467 0.000000 0.000000 0.000000 1.000000
1678710571299999952 0.901811 -0.430486 -0.037657 424.368317 0.431688 0.901403 0.033441 32.599670 0.019548 -0.046414 0.998731 299.705994 0.000000 0.000000 0.000000 1.000000
1678710571700000047 0.903717 -0.426519 -0.037116 426.380829 0.427748 0.903176 0.036137 32.464840 0.018110 -0.048534 0.998657 303.997986 0.000000 0.000000 0.000000 1.000000
1678710572200000047 0.901382 -0.431170 -0.040043 428.907776 0.432420 0.901152 0.030624 32.264034 0.022880 -0.044919 0.998729 309.431458 0.000000 0.000000 0.000000 1.000000
1678710572700000047 0.883822 -0.465527 -0.046284 431.631165 0.466773 0.884137 0.020622 32.033989 0.031321 -0.039830 0.998715 314.993042 0.000000 0.000000 0.000000 1.000000
1678710573099999904 0.866745 -0.496684 -0.045356 434.053955 0.497865 0.867039 0.019343 31.811317 0.029718 -0.039347 0.998784 319.433350 0.000000 0.000000 0.000000 1.000000
1678710573700000047 0.843664 -0.534216 -0.053333 438.072083 0.535511 0.844432 0.012794 31.477013 0.038201 -0.039354 0.998495 326.112518 0.000000 0.000000 0.000000 1.000000
1678710574299999952 0.824499 -0.562068 -0.065429 442.426575 0.564252 0.825356 0.020154 31.043167 0.042675 -0.053535 0.997654 332.764343 0.000000 0.000000 0.000000 1.000000
1678710574799999952 0.816877 -0.572437 -0.070909 446.174316 0.575376 0.817332 0.030176 30.661779 0.040682 -0.065450 0.997026 338.141815 0.000000 0.000000 0.000000 1.000000
1678710575099999904 0.812895 -0.577913 -0.072242 448.403564 0.580760 0.813664 0.025882 30.423676 0.043823 -0.062995 0.997051 341.339325 0.000000 0.000000 0.000000 1.000000
1678710575700000047 0.810259 -0.581120 -0.076023 452.942261 0.583922 0.811567 0.019865 29.876387 0.050154 -0.060487 0.996908 347.733276 0.000000 0.000000 0.000000 1.000000
1678710576000000000 0.812853 -0.575984 -0.086673 455.258911 0.580260 0.813702 0.034466 29.596235 0.050675 -0.078308 0.995640 350.953186 0.000000 0.000000 0.000000 1.000000
1678710576500000000 0.814355 -0.573992 -0.085783 459.006866 0.577846 0.815673 0.027774 29.125298 0.054029 -0.072188 0.995927 356.331512 0.000000 0.000000 0.000000 1.000000
1678710577000000000 0.815251 -0.571345 -0.094497 462.764801 0.575984 0.816911 0.029979 28.581724 0.060068 -0.078869 0.995074 361.723022 0.000000 0.000000 0.000000 1.000000
1678710577500000000 0.814611 -0.572151 -0.095145 466.473175 0.576557 0.816662 0.025390 28.037334 0.063174 -0.075539 0.995140 367.063629 0.000000 0.000000 0.000000 1.000000
1678710577799999952 0.811083 -0.576561 -0.098597 468.718384 0.581295 0.813273 0.026139 27.703928 0.065116 -0.078515 0.994784 370.285553 0.000000 0.000000 0.000000 1.000000
1678710578000000000 0.808943 -0.579351 -0.099817 470.234131 0.584329 0.811024 0.028266 27.476364 0.064578 -0.081192 0.994604 372.423431 0.000000 0.000000 0.000000 1.000000
1678710578599999904 0.799719 -0.592313 -0.098058 474.792267 0.597256 0.801507 0.029514 26.775696 0.061113 -0.082168 0.994743 378.747162 0.000000 0.000000 0.000000 1.000000
1678710579099999904 0.787916 -0.607431 -0.101074 478.674469 0.612218 0.790366 0.022586 26.211050 0.066166 -0.079675 0.994623 383.928101 0.000000 0.000000 0.000000 1.000000
1678710579599999904 0.779283 -0.619284 -0.095939 482.490540 0.623174 0.781951 0.014369 25.649765 0.066121 -0.070984 0.995283 388.871765 0.000000 0.000000 0.000000 1.000000
1678710580299999952 0.770968 -0.629019 -0.099715 487.627045 0.632671 0.774393 0.006632 24.906660 0.073047 -0.068200 0.994994 395.326355 0.000000 0.000000 0.000000 1.000000
1678710580799999952 0.767650 -0.633447 -0.097255 491.215118 0.636782 0.771032 0.004297 24.415953 0.072265 -0.065229 0.995250 399.737274 0.000000 0.000000 0.000000 1.000000
1678710581200000047 0.767492 -0.633625 -0.097335 494.027802 0.637164 0.770696 0.007051 24.042696 0.070548 -0.067430 0.995227 403.161591 0.000000 0.000000 0.000000 1.000000
1678710581700000047 0.764299 -0.637198 -0.099126 497.409027 0.641352 0.767121 0.013890 23.584637 0.067191 -0.074191 0.994978 407.287201 0.000000 0.000000 0.000000 1.000000
1678710582400000095 0.744837 -0.659460 -0.101639 501.979309 0.663697 0.747920 0.011042 22.966623 0.068736 -0.075681 0.994760 412.659088 0.000000 0.000000 0.000000 1.000000
1678710583099999904 0.732889 -0.674154 -0.091600 506.104706 0.677519 0.735462 0.007978 22.431065 0.061990 -0.067908 0.995764 417.231537 0.000000 0.000000 0.000000 1.000000
1678710583700000047 0.737887 -0.667278 -0.101304 509.296509 0.672289 0.739930 0.023049 22.035101 0.059578 -0.085113 0.994588 420.728546 0.000000 0.000000 0.000000 1.000000
1678710584400000095 0.742976 -0.663427 -0.088611 512.372131 0.666133 0.745832 0.001316 21.651981 0.065216 -0.060005 0.996065 424.242554 0.000000 0.000000 0.000000 1.000000
1678710585099999904 0.782861 -0.616462 -0.084287 515.005981 0.619078 0.785303 0.006439 21.360209 0.062222 -0.057221 0.996421 427.353973 0.000000 0.000000 0.000000 1.000000
1678710585799999952 0.917436 -0.388289 -0.086847 516.899048 0.392049 0.919428 0.030816 21.084333 0.067884 -0.062320 0.995745 430.673706 0.000000 0.000000 0.000000 1.000000
1678710586599999904 0.995240 -0.008979 -0.097039 517.548584 0.014315 0.998415 0.054425 20.734797 0.096397 -0.055555 0.993791 435.085724 0.000000 0.000000 0.000000 1.000000
1678710587299999952 0.955078 0.287074 -0.073579 516.728271 -0.280730 0.955949 0.085743 20.393723 0.094953 -0.061235 0.993597 439.400146 0.000000 0.000000 0.000000 1.000000
1678710588000000000 0.905897 0.417013 -0.073824 514.716370 -0.411145 0.907804 0.082776 20.101788 0.101536 -0.044635 0.993830 443.924713 0.000000 0.000000 0.000000 1.000000
1678710588700000047 0.900138 0.428524 -0.078221 512.407837 -0.422052 0.902400 0.086871 19.749107 0.107813 -0.045183 0.993144 448.735229 0.000000 0.000000 0.000000 1.000000
1678710589400000095 0.901409 0.425702 -0.078990 509.920990 -0.419309 0.903784 0.085753 19.347555 0.107895 -0.044178 0.993180 453.914825 0.000000 0.000000 0.000000 1.000000
1678710590099999904 0.900070 0.426987 -0.086929 507.205383 -0.419341 0.902996 0.093547 18.856701 0.118440 -0.047746 0.991813 459.622375 0.000000 0.000000 0.000000 1.000000
1678710590700000047 0.900383 0.425549 -0.090656 504.768494 -0.418637 0.904075 0.085974 18.421965 0.118546 -0.039458 0.992164 464.713593 0.000000 0.000000 0.000000 1.000000
1678710591200000047 0.900542 0.424256 -0.095032 502.687439 -0.416997 0.904700 0.087353 18.042583 0.123035 -0.039037 0.991634 469.069580 0.000000 0.000000 0.000000 1.000000
1678710591799999952 0.903012 0.423665 -0.071250 500.195526 -0.418638 0.905004 0.075560 17.568110 0.096494 -0.038403 0.994592 474.284302 0.000000 0.000000 0.000000 1.000000
1678710592400000095 0.899829 0.426770 -0.090417 497.661591 -0.421100 0.903868 0.075489 17.101830 0.113942 -0.029852 0.993039 479.589569 0.000000 0.000000 0.000000 1.000000
1678710593000000000 0.897728 0.430213 -0.094876 495.097565 -0.425161 0.902463 0.069268 16.634201 0.115422 -0.021847 0.993076 484.865265 0.000000 0.000000 0.000000 1.000000
1678710593599999904 0.896884 0.431981 -0.094827 492.669220 -0.427058 0.901645 0.068251 16.174870 0.114983 -0.020717 0.993151 489.851349 0.000000 0.000000 0.000000 1.000000
1678710594099999904 0.896351 0.432556 -0.097212 490.729797 -0.427569 0.901391 0.068407 15.821269 0.117216 -0.019752 0.992910 493.825714 0.000000 0.000000 0.000000 1.000000
1678710594700000047 0.896958 0.430876 -0.099061 488.666870 -0.426416 0.902290 0.063578 15.445023 0.116776 -0.014785 0.993048 498.038879 0.000000 0.000000 0.000000 1.000000
1678710595200000047 0.899169 0.426800 -0.096626 487.175415 -0.422057 0.904153 0.066144 15.158751 0.115595 -0.018693 0.993121 501.140350 0.000000 0.000000 0.000000 1.000000
1678710595500000000 0.899813 0.425009 -0.098504 486.315796 -0.419942 0.904962 0.068499 14.992618 0.118255 -0.020271 0.992776 502.940948 0.000000 0.000000 0.000000 1.000000
1678710595799999952 0.900934 0.422143 -0.100561 485.499573 -0.416745 0.906266 0.070742 14.830053 0.120999 -0.021826 0.992413 504.667267 0.000000 0.000000 0.000000 1.000000
1678710596200000047 0.901825 0.419581 -0.103261 484.461273 -0.414380 0.907518 0.068551 14.617835 0.122474 -0.019032 0.992289 506.854401 0.000000 0.000000 0.000000 1.000000
1678710596700000047 0.899893 0.425021 -0.097726 483.371643 -0.419444 0.904848 0.072912 14.393919 0.119416 -0.024623 0.992539 509.186188 0.000000 0.000000 0.000000 1.000000
1678710597299999952 0.853031 0.514571 -0.086914 482.026917 -0.506573 0.856494 0.099003 14.170334 0.125385 -0.040424 0.991284 511.732300 0.000000 0.000000 0.000000 1.000000
1678710598099999904 0.611940 0.789367 -0.049280 479.437500 -0.780307 0.612734 0.125216 13.969849 0.129037 -0.038171 0.990905 514.445007 0.000000 0.000000 0.000000 1.000000
1678710599000000000 0.097737 0.995166 0.009562 475.005371 -0.985389 0.095421 0.141081 13.951503 0.139486 -0.023211 0.989952 515.888672 0.000000 0.000000 0.000000 1.000000
1678710599700000047 -0.268461 0.961389 0.060503 470.678955 -0.953862 -0.274075 0.122596 14.165553 0.134445 -0.024800 0.990611 515.179810 0.000000 0.000000 0.000000 1.000000
1678710600599999904 -0.470351 0.879941 0.066892 464.409668 -0.875135 -0.474854 0.093020 14.660792 0.113616 -0.014787 0.993415 512.338989 0.000000 0.000000 0.000000 1.000000
1678710601299999952 -0.535267 0.842170 0.065104 459.660156 -0.837757 -0.539149 0.086494 15.078768 0.107943 -0.008244 0.994123 509.533081 0.000000 0.000000 0.000000 1.000000
1678710602099999904 -0.615102 0.784813 0.075623 454.561096 -0.781709 -0.619546 0.071367 15.573454 0.102861 -0.015217 0.994579 505.844971 0.000000 0.000000 0.000000 1.000000
1678710602799999952 -0.684555 0.725147 0.074474 450.379242 -0.722878 -0.688461 0.058889 16.059088 0.093976 -0.013523 0.995483 502.131653 0.000000 0.000000 0.000000 1.000000
1678710603500000000 -0.748838 0.659786 0.062650 446.749451 -0.658045 -0.751436 0.048169 16.498083 0.078858 -0.005156 0.996873 498.287445 0.000000 0.000000 0.000000 1.000000
1678710604200000047 -0.801536 0.594208 0.066769 443.496033 -0.592906 -0.804277 0.040022 16.901516 0.077483 -0.007509 0.996965 494.141510 0.000000 0.000000 0.000000 1.000000
1678710604799999952 -0.834093 0.547230 0.069489 440.889801 -0.546325 -0.836919 0.033113 17.262264 0.076277 -0.010344 0.997033 490.290283 0.000000 0.000000 0.000000 1.000000
1678710605599999904 -0.865422 0.496742 0.065522 437.584473 -0.496491 -0.867783 0.021203 17.764000 0.067392 -0.014181 0.997626 484.748169 0.000000 0.000000 0.000000 1.000000
1678710606299999952 -0.879171 0.471601 0.068203 434.831818 -0.471537 -0.881662 0.018054 18.211782 0.068646 -0.016288 0.997508 479.668945 0.000000 0.000000 0.000000 1.000000
1678710607000000000 -0.894360 0.443462 0.058841 432.173676 -0.443021 -0.896264 0.021060 18.656075 0.062077 -0.007233 0.998045 474.473785 0.000000 0.000000 0.000000 1.000000
1678710607599999904 -0.905327 0.421119 0.055144 430.093781 -0.421092 -0.906929 0.012682 18.970160 0.055353 -0.011740 0.998398 470.008484 0.000000 0.000000 0.000000 1.000000
1678710608299999952 -0.913534 0.403718 0.049669 427.786682 -0.403823 -0.914799 0.008350 19.339506 0.048809 -0.012429 0.998731 464.797546 0.000000 0.000000 0.000000 1.000000
1678710608900000095 -0.915945 0.399146 0.041553 425.943115 -0.399339 -0.916795 0.003914 19.617777 0.039658 -0.013008 0.999129 460.521820 0.000000 0.000000 0.000000 1.000000
1678710609400000095 -0.913549 0.405177 0.035497 424.575043 -0.405375 -0.914149 0.001728 19.809774 0.033150 -0.012811 0.999368 457.332397 0.000000 0.000000 0.000000 1.000000
1678710609900000095 -0.909536 0.414130 0.035210 423.281403 -0.414210 -0.910166 0.005345 19.974514 0.034260 -0.009723 0.999366 454.447571 0.000000 0.000000 0.000000 1.000000
1678710610299999952 -0.907024 0.418875 0.043015 422.262665 -0.419306 -0.907844 -0.001108 20.094345 0.038587 -0.019041 0.999074 452.167175 0.000000 0.000000 0.000000 1.000000
1678710610900000095 -0.905664 0.422916 0.030257 420.654327 -0.422953 -0.906135 0.005487 20.281755 0.029738 -0.007828 0.999527 448.727570 0.000000 0.000000 0.000000 1.000000
1678710611400000095 -0.903814 0.426599 0.033680 419.320648 -0.427236 -0.904025 -0.014433 20.421354 0.024291 -0.027434 0.999328 445.748199 0.000000 0.000000 0.000000 1.000000
1678710612000000000 -0.897924 0.438164 0.041778 417.523132 -0.438816 -0.898546 -0.007488 20.614174 0.034259 -0.025057 0.999099 441.977753 0.000000 0.000000 0.000000 1.000000
1678710612799999952 -0.889105 0.456398 0.034533 414.774078 -0.456256 -0.889763 0.012362 20.858593 0.036368 -0.004765 0.999327 436.564606 0.000000 0.000000 0.000000 1.000000
1678710613599999904 -0.886424 0.462316 0.022727 411.844116 -0.462031 -0.886704 0.016827 21.106279 0.027931 0.004416 0.999600 430.891602 0.000000 0.000000 0.000000 1.000000
1678710614099999904 -0.882816 0.468876 0.028129 409.913116 -0.468704 -0.883262 0.012849 21.259226 0.030870 -0.001840 0.999522 427.181305 0.000000 0.000000 0.000000 1.000000
1678710614700000047 -0.873113 0.487326 0.013667 407.439117 -0.487205 -0.873214 0.011327 21.410099 0.017455 0.003231 0.999842 422.555695 0.000000 0.000000 0.000000 1.000000
1678710615400000095 -0.858769 0.512201 0.012871 404.236786 -0.511855 -0.858765 0.022932 21.547754 0.022799 0.013105 0.999654 416.971924 0.000000 0.000000 0.000000 1.000000
1678710616000000000 -0.850648 0.525633 0.010377 401.309998 -0.525391 -0.850640 0.019355 21.682411 0.019001 0.011012 0.999759 412.122864 0.000000 0.000000 0.000000 1.000000
1678710616700000047 -0.841473 0.540239 0.008086 397.752289 -0.540043 -0.841440 0.018230 21.828920 0.016653 0.010973 0.999801 406.405487 0.000000 0.000000 0.000000 1.000000
1678710617599999904 -0.827912 0.560734 0.011790 392.917297 -0.560445 -0.827926 0.020988 22.018835 0.021530 0.010769 0.999710 399.033203 0.000000 0.000000 0.000000 1.000000
1678710618400000095 -0.809791 0.586713 0.002562 388.317719 -0.586331 -0.809408 0.032775 22.181025 0.021304 0.025039 0.999459 392.442780 0.000000 0.000000 0.000000 1.000000
1678710619000000000 -0.795536 0.605830 0.009588 384.675232 -0.605292 -0.795343 0.032430 22.270161 0.027273 0.019996 0.999428 387.490967 0.000000 0.000000 0.000000 1.000000
1678710619500000000 -0.790808 0.611985 0.009867 381.481445 -0.611154 -0.790408 0.041798 22.397135 0.033379 0.027023 0.999077 383.356506 0.000000 0.000000 0.000000 1.000000
1678710620200000047 -0.781083 0.624396 -0.006294 377.019623 -0.624288 -0.780655 0.029033 22.482098 0.013215 0.026606 0.999559 377.616608 0.000000 0.000000 0.000000 1.000000
1678710620900000095 -0.762375 0.647131 0.002360 372.563965 -0.646838 -0.762130 0.027522 22.559771 0.019609 0.019456 0.999618 372.140930 0.000000 0.000000 0.000000 1.000000
1678710621599999904 -0.747561 0.664192 0.001349 368.214386 -0.663989 -0.747380 0.023266 22.649117 0.016462 0.016497 0.999728 367.101288 0.000000 0.000000 0.000000 1.000000
1678710622400000095 -0.750811 0.660516 -0.001284 363.366364 -0.660353 -0.750579 0.023784 22.767220 0.014746 0.018705 0.999716 361.589783 0.000000 0.000000 0.000000 1.000000
1678710623000000000 -0.750725 0.660561 -0.008454 360.098785 -0.660538 -0.750381 0.024842 22.828270 0.010066 0.024234 0.999656 357.820221 0.000000 0.000000 0.000000 1.000000
1678710623799999952 -0.710079 0.704079 -0.007765 356.265717 -0.704107 -0.709950 0.014301 22.881353 0.004556 0.015623 0.999868 353.619385 0.000000 0.000000 0.000000 1.000000
1678710624099999904 -0.680583 0.732479 -0.016743 354.887238 -0.732670 -0.680433 0.014347 22.890491 -0.000883 0.022031 0.999757 352.283783 0.000000 0.000000 0.000000 1.000000
1678710624700000047 -0.566788 0.823275 -0.031151 352.096405 -0.823861 -0.566487 0.018609 22.852333 -0.002327 0.036212 0.999341 350.068329 0.000000 0.000000 0.000000 1.000000
1678710625400000095 -0.286919 0.956515 -0.052505 348.585602 -0.957936 -0.286824 0.009501 22.738289 -0.005972 0.053023 0.998575 348.413574 0.000000 0.000000 0.000000 1.000000
1678710626299999952 0.264102 0.963162 -0.050692 343.552216 -0.964289 0.264765 0.006726 22.481682 0.019899 0.047105 0.998692 348.585449 0.000000 0.000000 0.000000 1.000000
1678710627299999952 0.664654 0.746796 -0.023047 338.529938 -0.746062 0.665034 0.033474 22.276905 0.040326 -0.005054 0.999174 351.998932 0.000000 0.000000 0.000000 1.000000
1678710628299999952 0.696612 0.716962 -0.026396 333.689178 -0.714622 0.696661 0.063079 22.195087 0.063614 -0.025078 0.997659 356.625275 0.000000 0.000000 0.000000 1.000000
1678710629200000047 0.533685 0.845622 -0.010204 328.020538 -0.843255 0.533027 0.069304 22.135830 0.064044 -0.028382 0.997543 361.035889 0.000000 0.000000 0.000000 1.000000
1678710630099999904 0.321518 0.946867 -0.008320 321.209167 -0.944824 0.321381 0.063420 22.149229 0.062724 -0.012530 0.997952 364.114838 0.000000 0.000000 0.000000 1.000000
1678710630900000095 0.143173 0.989697 0.001120 314.394257 -0.987380 0.142760 0.068560 22.185337 0.067694 -0.010922 0.997646 365.608826 0.000000 0.000000 0.000000 1.000000
1678710631700000047 0.047375 0.998803 0.012141 307.131317 -0.997481 0.046663 0.053422 22.327721 0.052792 -0.014641 0.998498 366.112946 0.000000 0.000000 0.000000 1.000000
1678710632400000095 0.014125 0.999635 0.023011 300.553070 -0.998244 0.012774 0.057838 22.512308 0.057523 -0.023787 0.998061 366.277100 0.000000 0.000000 0.000000 1.000000
1678710633099999904 0.015479 0.999489 0.027951 293.994629 -0.998256 0.013855 0.057379 22.723854 0.056962 -0.028790 0.997961 366.307312 0.000000 0.000000 0.000000 1.000000
1678710633900000095 0.068156 0.997108 0.033615 286.685547 -0.995839 0.065948 0.062899 23.026854 0.060501 -0.037762 0.997454 366.583832 0.000000 0.000000 0.000000 1.000000
1678710634500000000 0.147047 0.988716 0.028595 281.260712 -0.987315 0.144965 0.064770 23.253244 0.059893 -0.037756 0.997490 367.140411 0.000000 0.000000 0.000000 1.000000
1678710635000000000 0.221762 0.974771 0.025352 276.793274 -0.972826 0.219395 0.073991 23.409769 0.066562 -0.041072 0.996937 368.010956 0.000000 0.000000 0.000000 1.000000
1678710635500000000 0.296970 0.954530 0.026099 272.403168 -0.952602 0.294259 0.077202 23.570642 0.066012 -0.047788 0.996674 369.198303 0.000000 0.000000 0.000000 1.000000
1678710635799999952 0.344013 0.938676 0.023293 269.814606 -0.936679 0.341340 0.078227 23.661057 0.065479 -0.048729 0.996663 370.088837 0.000000 0.000000 0.000000 1.000000
1678710636099999904 0.395053 0.918254 0.027235 267.242065 -0.916900 0.392291 0.073506 23.751131 0.056813 -0.054010 0.996923 371.109039 0.000000 0.000000 0.000000 1.000000
1678710636500000000 0.466911 0.884084 0.019727 263.847473 -0.882847 0.464746 0.067766 23.856903 0.050743 -0.049057 0.997506 372.720276 0.000000 0.000000 0.000000 1.000000
1678710637000000000 0.555378 0.831446 0.015891 259.803223 -0.830373 0.553421 0.064846 23.970179 0.045122 -0.049209 0.997769 375.144257 0.000000 0.000000 0.000000 1.000000
1678710637400000095 0.623479 0.781812 0.006606 256.678436 -0.780632 0.622024 0.060835 24.041567 0.043452 -0.043086 0.998126 377.419037 0.000000 0.000000 0.000000 1.000000
1678710637700000047 0.670937 0.741512 0.001485 254.431488 -0.740177 0.669606 0.061364 24.077303 0.044508 -0.042270 0.998114 379.339172 0.000000 0.000000 0.000000 1.000000
1678710638000000000 0.715345 0.698771 -0.000609 252.379410 -0.697100 0.713693 0.068515 24.102634 0.048311 -0.048587 0.997650 381.335876 0.000000 0.000000 0.000000 1.000000
1678710638400000095 0.766745 0.641921 -0.006322 249.816147 -0.639738 0.764881 0.075450 24.116552 0.053268 -0.053807 0.997130 384.213593 0.000000 0.000000 0.000000 1.000000
1678710639000000000 0.835200 0.549697 -0.016542 246.376694 -0.546975 0.833436 0.078760 24.094482 0.057081 -0.056733 0.996756 388.881805 0.000000 0.000000 0.000000 1.000000
1678710639500000000 0.886427 0.462069 -0.027197 243.886978 -0.459846 0.885820 0.062171 24.012848 0.052819 -0.042604 0.997695 393.062347 0.000000 0.000000 0.000000 1.000000
1678710639900000095 0.921115 0.387445 -0.037855 242.253357 -0.384862 0.920947 0.061140 23.926535 0.058550 -0.041748 0.997411 396.585205 0.000000 0.000000 0.000000 1.000000
1678710640400000095 0.957106 0.286339 -0.044248 240.606384 -0.283844 0.957284 0.055131 23.756447 0.058144 -0.040207 0.997498 401.204163 0.000000 0.000000 0.000000 1.000000
1678710640900000095 0.982123 0.180484 -0.053477 239.440704 -0.178107 0.982919 0.046344 23.547323 0.060928 -0.035990 0.997493 406.095947 0.000000 0.000000 0.000000 1.000000
1678710641299999952 0.994253 0.092605 -0.053707 238.871613 -0.090861 0.995281 0.034045 23.350752 0.056607 -0.028969 0.997976 410.184631 0.000000 0.000000 0.000000 1.000000
1678710641799999952 0.998045 -0.013087 -0.061117 238.631744 0.014152 0.999755 0.017026 23.076963 0.060879 -0.017857 0.997985 415.539612 0.000000 0.000000 0.000000 1.000000
1678710642200000047 0.993731 -0.089946 -0.066399 238.836716 0.090442 0.995892 0.004496 22.816574 0.065722 -0.010473 0.997783 419.996368 0.000000 0.000000 0.000000 1.000000
1678710642799999952 0.979517 -0.188398 -0.071081 239.809952 0.189235 0.981918 0.005178 22.394491 0.068820 -0.018523 0.997457 426.747345 0.000000 0.000000 0.000000 1.000000
1678710643400000095 0.966086 -0.246243 -0.077733 241.356583 0.248519 0.968400 0.020958 21.942476 0.070116 -0.039565 0.996754 433.472137 0.000000 0.000000 0.000000 1.000000
1678710644000000000 0.955620 -0.283164 -0.081290 243.216782 0.286210 0.957746 0.028396 21.453669 0.069814 -0.050401 0.996286 440.163086 0.000000 0.000000 0.000000 1.000000
1678710644700000047 0.951682 -0.295748 -0.082668 245.600433 0.298441 0.954172 0.022095 20.864426 0.072345 -0.045699 0.996332 448.057404 0.000000 0.000000 0.000000 1.000000
1678710645200000047 0.950204 -0.300127 -0.083881 247.392807 0.303109 0.952624 0.025130 20.408785 0.072365 -0.049304 0.996159 453.833130 0.000000 0.000000 0.000000 1.000000
1678710645900000095 0.949308 -0.302013 -0.087192 249.977966 0.305514 0.951723 0.029751 19.736206 0.073997 -0.054881 0.995747 462.116333 0.000000 0.000000 0.000000 1.000000
1678710646400000095 0.946826 -0.309022 -0.089584 251.843323 0.311909 0.949904 0.019892 19.239283 0.078949 -0.046776 0.995781 468.082214 0.000000 0.000000 0.000000 1.000000
1678710647000000000 0.943222 -0.319947 -0.089255 254.230515 0.323760 0.945606 0.031752 18.659157 0.074241 -0.058846 0.995503 475.244812 0.000000 0.000000 0.000000 1.000000
1678710647599999904 0.939881 -0.328096 -0.094746 256.663513 0.332339 0.942593 0.032700 18.059027 0.078578 -0.062222 0.994964 482.395569 0.000000 0.000000 0.000000 1.000000
1678710648200000047 0.941535 -0.325297 -0.087710 259.097443 0.328666 0.944066 0.026783 17.462685 0.074091 -0.054045 0.995786 489.523865 0.000000 0.000000 0.000000 1.000000
1678710648799999952 0.941297 -0.324899 -0.091657 261.514648 0.328942 0.943784 0.032702 16.853127 0.075880 -0.060932 0.995253 496.619965 0.000000 0.000000 0.000000 1.000000
1678710649400000095 0.938862 -0.331525 -0.092896 263.926605 0.335714 0.941372 0.033389 16.232504 0.076381 -0.062534 0.995116 503.665314 0.000000 0.000000 0.000000 1.000000
1678710650000000000 0.936211 -0.338970 -0.092777 266.390137 0.342466 0.939216 0.024306 15.622128 0.078898 -0.054528 0.995390 510.682861 0.000000 0.000000 0.000000 1.000000
1678710650599999904 0.935984 -0.339077 -0.094659 268.873749 0.343180 0.938771 0.030593 15.022660 0.078490 -0.061119 0.995040 517.604858 0.000000 0.000000 0.000000 1.000000
1678710651200000047 0.936280 -0.337935 -0.095807 271.307861 0.341517 0.939586 0.023346 14.396699 0.082130 -0.054578 0.995126 524.475586 0.000000 0.000000 0.000000 1.000000
1678710651799999952 0.938536 -0.331490 -0.096250 273.717529 0.334932 0.941993 0.021659 13.784093 0.083487 -0.052565 0.995121 531.260864 0.000000 0.000000 0.000000 1.000000
1678710652200000047 0.941578 -0.322242 -0.097931 275.251404 0.324941 0.945651 0.012551 13.374752 0.088564 -0.043640 0.995114 535.764282 0.000000 0.000000 0.000000 1.000000
1678710652799999952 0.944095 -0.315539 -0.095497 277.458588 0.318473 0.947783 0.016814 12.797972 0.085205 -0.046287 0.995288 542.398438 0.000000 0.000000 0.000000 1.000000
1678710653400000095 0.942729 -0.319541 -0.095681 279.598724 0.322125 0.946615 0.012486 12.209510 0.086583 -0.042592 0.995334 549.000793 0.000000 0.000000 0.000000 1.000000
1678710653900000095 0.938216 -0.331560 -0.099087 281.440613 0.334861 0.942090 0.018292 11.717148 0.087284 -0.050342 0.994911 554.373596 0.000000 0.000000 0.000000 1.000000
1678710654400000095 0.933343 -0.344608 -0.100575 283.317780 0.348414 0.937070 0.022548 11.235161 0.086476 -0.056086 0.994674 559.624451 0.000000 0.000000 0.000000 1.000000
1678710655000000000 0.924652 -0.368463 -0.096197 285.626373 0.371556 0.928275 0.015852 10.649405 0.083456 -0.050401 0.995236 565.818542 0.000000 0.000000 0.000000 1.000000
1678710655599999904 0.910673 -0.399121 -0.106665 288.084045 0.401610 0.915809 0.002029 10.066463 0.096875 -0.044685 0.994293 571.836182 0.000000 0.000000 0.000000 1.000000
1678710656099999904 0.896917 -0.431032 -0.098750 290.281891 0.432794 0.901484 -0.003933 9.598801 0.090717 -0.039211 0.995104 576.679382 0.000000 0.000000 0.000000 1.000000
1678710656700000047 0.879884 -0.463332 -0.105487 293.110596 0.465896 0.884839 -0.000384 9.017293 0.093517 -0.048808 0.994421 582.290405 0.000000 0.000000 0.000000 1.000000
1678710657400000095 0.872579 -0.476617 -0.106970 296.540436 0.480737 0.876735 0.015082 8.328099 0.086596 -0.064585 0.994148 588.628174 0.000000 0.000000 0.000000 1.000000
1678710657799999952 0.875856 -0.469619 -0.111064 298.537598 0.474586 0.879936 0.021914 7.907770 0.087438 -0.071902 0.993572 592.303284 0.000000 0.000000 0.000000 1.000000
1678710658400000095 0.885829 -0.451211 -0.108238 301.369629 0.456055 0.889634 0.023782 7.311209 0.085562 -0.070429 0.993841 597.798279 0.000000 0.000000 0.000000 1.000000
1678710658799999952 0.890295 -0.442626 -0.107036 303.215851 0.447452 0.893959 0.024987 6.918776 0.084626 -0.070139 0.993941 601.537354 0.000000 0.000000 0.000000 1.000000
1678710659400000095 0.884174 -0.453055 -0.113920 305.929596 0.458325 0.888465 0.023832 6.311574 0.090416 -0.073284 0.993204 607.046265 0.000000 0.000000 0.000000 1.000000
1678710660000000000 0.848909 -0.515182 -0.118069 308.845856 0.519554 0.854405 0.007452 5.677000 0.097040 -0.067670 0.992977 612.383301 0.000000 0.000000 0.000000 1.000000
1678710660599999904 0.791044 -0.600627 -0.116175 312.250549 0.604086 0.796891 -0.006679 5.020062 0.096590 -0.064897 0.993206 617.411255 0.000000 0.000000 0.000000 1.000000
1678710661299999952 0.703933 -0.699993 -0.120367 316.974060 0.702887 0.710908 -0.023637 4.260944 0.102116 -0.067966 0.992448 622.839966 0.000000 0.000000 0.000000 1.000000
1678710661700000047 0.655529 -0.745625 -0.119685 319.996948 0.748621 0.662458 -0.026759 3.810318 0.099239 -0.072057 0.992451 625.678833 0.000000 0.000000 0.000000 1.000000
1678710662200000047 0.586433 -0.800731 -0.122172 324.027863 0.803884 0.593845 -0.033443 3.249690 0.099330 -0.078600 0.991945 628.915527 0.000000 0.000000 0.000000 1.000000
1678710662599999904 0.521696 -0.844881 -0.118358 327.447754 0.847726 0.528970 -0.039387 2.800309 0.095886 -0.079787 0.992189 631.206482 0.000000 0.000000 0.000000 1.000000
1678710662900000095 0.467193 -0.876920 -0.112881 330.125183 0.879112 0.474343 -0.046477 2.474728 0.094301 -0.077521 0.992521 632.735291 0.000000 0.000000 0.000000 1.000000
1678710663200000047 0.412248 -0.904096 -0.112521 332.887146 0.906917 0.419008 -0.043981 2.157501 0.086910 -0.083916 0.992676 634.081909 0.000000 0.000000 0.000000 1.000000
1678710663599999904 0.350963 -0.929438 -0.113883 336.759735 0.932355 0.358134 -0.049537 1.709277 0.086827 -0.088794 0.992258 635.673645 0.000000 0.000000 0.000000 1.000000
1678710664099999904 0.284979 -0.953064 -0.102251 341.879974 0.954385 0.292041 -0.062139 1.158528 0.089084 -0.079878 0.992816 637.402039 0.000000 0.000000 0.000000 1.000000
1678710664700000047 0.241980 -0.964322 -0.107374 348.367676 0.966556 0.249259 -0.060330 0.483694 0.084941 -0.089184 0.992387 639.171692 0.000000 0.000000 0.000000 1.000000
1678710665299999952 0.220588 -0.968954 -0.111666 355.162872 0.971476 0.228479 -0.063496 -0.233932 0.087038 -0.094474 0.991715 640.804810 0.000000 0.000000 0.000000 1.000000
1678710665700000047 0.210073 -0.971495 -0.109845 359.706085 0.973571 0.218162 -0.067571 -0.692294 0.089609 -0.092747 0.991649 641.843140 0.000000 0.000000 0.000000 1.000000
1678710666099999904 0.202698 -0.973177 -0.108813 364.303467 0.975804 0.210039 -0.060753 -1.149829 0.081979 -0.093866 0.992204 642.833923 0.000000 0.000000 0.000000 1.000000
1678710666599999904 0.210639 -0.971206 -0.111310 370.028717 0.974145 0.218052 -0.059123 -1.733603 0.081692 -0.095978 0.992026 644.049500 0.000000 0.000000 0.000000 1.000000
1678710667200000047 0.252110 -0.960691 -0.116249 376.837494 0.964647 0.259028 -0.048591 -2.452283 0.076793 -0.099889 0.992031 645.708923 0.000000 0.000000 0.000000 1.000000
1678710667900000095 0.290940 -0.949410 -0.118213 384.526306 0.952593 0.298952 -0.056519 -3.280120 0.089000 -0.096166 0.991378 647.985291 0.000000 0.000000 0.000000 1.000000
1678710668599999904 0.316673 -0.941153 -0.118105 391.511658 0.943988 0.324879 -0.057792 -4.058218 0.092761 -0.093188 0.991318 650.319763 0.000000 0.000000 0.000000 1.000000
1678710668900000095 0.323250 -0.939169 -0.116062 394.277100 0.940877 0.332095 -0.066815 -4.356883 0.101294 -0.087602 0.990992 651.294678 0.000000 0.000000 0.000000 1.000000
1678710669299999952 0.329266 -0.936390 -0.121480 397.798950 0.938351 0.338837 -0.068460 -4.749312 0.105268 -0.091450 0.990230 652.557617 0.000000 0.000000 0.000000 1.000000
1678710669799999952 0.332326 -0.936421 -0.112587 401.811401 0.937022 0.341403 -0.073719 -5.180223 0.107470 -0.080997 0.990903 654.022888 0.000000 0.000000 0.000000 1.000000
1678710670200000047 0.322369 -0.940956 -0.103343 404.773834 0.940341 0.330866 -0.079287 -5.479946 0.108799 -0.071618 0.991481 655.079895 0.000000 0.000000 0.000000 1.000000
1678710670900000095 0.296907 -0.952101 -0.073140 409.162628 0.948295 0.302983 -0.094538 -5.851193 0.112170 -0.041290 0.992831 656.558350 0.000000 0.000000 0.000000 1.000000
1678710671400000095 0.278033 -0.958017 -0.070011 411.565643 0.950467 0.284920 -0.124229 -5.996337 0.138961 -0.032003 0.989781 657.343872 0.000000 0.000000 0.000000 1.000000
1678710671900000095 0.273477 -0.959547 -0.066929 413.365417 0.949421 0.280443 -0.141249 -6.106245 0.154305 -0.024916 0.987709 657.909912 0.000000 0.000000 0.000000 1.000000
1678710672400000095 0.297181 -0.951487 -0.079730 414.738098 0.941429 0.305925 -0.141848 -6.175501 0.159358 -0.032906 0.986672 658.335144 0.000000 0.000000 0.000000 1.000000
1678710672900000095 0.399221 -0.911433 -0.099559 415.942566 0.902495 0.409788 -0.132578 -6.283504 0.161634 -0.036923 0.986160 658.853882 0.000000 0.000000 0.000000 1.000000
1678710673599999904 0.650156 -0.749292 -0.125934 417.667572 0.744304 0.661391 -0.092597 -6.534642 0.152674 -0.033531 0.987708 660.096924 0.000000 0.000000 0.000000 1.000000
1678710674299999952 0.900895 -0.404124 -0.158342 419.262268 0.405507 0.913752 -0.024944 -6.994551 0.154766 -0.041737 0.987069 662.733704 0.000000 0.000000 0.000000 1.000000
1678710675099999904 0.982308 0.048267 -0.180948 419.707855 -0.040528 0.998109 0.046224 -7.768020 0.182837 -0.038073 0.982406 667.317749 0.000000 0.000000 0.000000 1.000000
1678710675700000047 0.960235 0.222227 -0.169006 418.994751 -0.207486 0.973051 0.100607 -8.477935 0.186809 -0.061540 0.980467 671.523621 0.000000 0.000000 0.000000 1.000000
1678710676299999952 0.929630 0.333311 -0.157140 417.554932 -0.317612 0.940981 0.116947 -9.212678 0.186845 -0.058808 0.980628 676.020508 0.000000 0.000000 0.000000 1.000000
1678710676900000095 0.921432 0.359119 -0.148310 415.630646 -0.345405 0.931915 0.110587 -10.008183 0.177926 -0.050671 0.982738 680.934265 0.000000 0.000000 0.000000 1.000000
1678710677400000095 0.917387 0.364078 -0.160773 413.828918 -0.350240 0.930371 0.108360 -10.725158 0.189030 -0.043099 0.981025 685.408875 0.000000 0.000000 0.000000 1.000000
1678710677900000095 0.916248 0.367808 -0.158769 411.874725 -0.353868 0.928847 0.109636 -11.527250 0.187798 -0.044271 0.981210 690.264709 0.000000 0.000000 0.000000 1.000000
1678710678500000000 0.915861 0.369565 -0.156906 409.363464 -0.355955 0.928186 0.108473 -12.555824 0.185726 -0.043494 0.981639 696.395630 0.000000 0.000000 0.000000 1.000000
1678710679000000000 0.915726 0.370700 -0.155007 407.184357 -0.355658 0.927317 0.116581 -13.436352 0.186957 -0.051627 0.981010 701.766785 0.000000 0.000000 0.000000 1.000000
1678710679599999904 0.914566 0.371840 -0.159074 404.429291 -0.357548 0.927193 0.111684 -14.516768 0.189021 -0.045266 0.980929 708.426575 0.000000 0.000000 0.000000 1.000000
1678710680000000000 0.914296 0.369085 -0.166850 402.562286 -0.354915 0.928512 0.109094 -15.281808 0.195187 -0.040527 0.979928 713.000916 0.000000 0.000000 0.000000 1.000000
1678710680500000000 0.913627 0.366621 -0.175712 400.164398 -0.351207 0.929438 0.113133 -16.321829 0.204790 -0.041650 0.977919 718.925537 0.000000 0.000000 0.000000 1.000000
1678710681000000000 0.913318 0.363607 -0.183415 397.753998 -0.348303 0.930803 0.110869 -17.419971 0.211036 -0.037374 0.976764 724.894714 0.000000 0.000000 0.000000 1.000000
1678710681400000095 0.914659 0.360330 -0.183200 395.747650 -0.346324 0.932269 0.104565 -18.364315 0.208470 -0.032195 0.977499 729.886841 0.000000 0.000000 0.000000 1.000000
1678710681799999952 0.913851 0.359414 -0.188940 393.772461 -0.344064 0.932511 0.109742 -19.320332 0.215631 -0.035281 0.975837 734.889709 0.000000 0.000000 0.000000 1.000000
1678710682400000095 0.913714 0.359750 -0.188963 390.839111 -0.346841 0.932725 0.098613 -20.721615 0.211726 -0.024564 0.977020 742.225220 0.000000 0.000000 0.000000 1.000000
1678710682900000095 0.914558 0.362845 -0.178682 388.399811 -0.350622 0.931486 0.096941 -21.880333 0.201615 -0.026008 0.979120 748.313782 0.000000 0.000000 0.000000 1.000000
1678710683200000047 0.911372 0.365235 -0.189749 386.933228 -0.352103 0.930596 0.100076 -22.560064 0.213131 -0.024396 0.976719 751.971619 0.000000 0.000000 0.000000 1.000000
1678710683599999904 0.912424 0.362859 -0.189252 384.935211 -0.354761 0.931841 0.076268 -23.512379 0.204027 -0.002449 0.978962 756.795044 0.000000 0.000000 0.000000 1.000000
1678710684000000000 0.910820 0.365544 -0.191792 383.013855 -0.355915 0.930760 0.083730 -24.433926 0.209120 -0.008001 0.977857 761.578430 0.000000 0.000000 0.000000 1.000000
1678710684500000000 0.906584 0.375943 -0.191762 380.543457 -0.365838 0.926601 0.087018 -25.610260 0.210400 -0.008735 0.977576 767.577820 0.000000 0.000000 0.000000 1.000000
1678710685200000047 0.890369 0.413743 -0.189895 376.894470 -0.403466 0.910379 0.091785 -27.274456 0.210852 -0.005106 0.977505 775.849426 0.000000 0.000000 0.000000 1.000000
1678710685599999904 0.872543 0.448954 -0.192639 374.519348 -0.439131 0.893550 0.093448 -28.239927 0.214087 0.003056 0.976810 780.638428 0.000000 0.000000 0.000000 1.000000
1678710686000000000 0.850303 0.490587 -0.190552 371.971771 -0.480273 0.871370 0.100263 -29.177975 0.215229 0.006263 0.976544 785.258423 0.000000 0.000000 0.000000 1.000000
1678710686400000095 0.827774 0.528635 -0.187977 369.206085 -0.519266 0.848722 0.100169 -30.125484 0.212493 0.014693 0.977052 789.742554 0.000000 0.000000 0.000000 1.000000
1678710686900000095 0.812275 0.554776 -0.180091 365.535217 -0.546553 0.831771 0.097146 -31.274086 0.203688 0.019520 0.978841 795.171082 0.000000 0.000000 0.000000 1.000000
1678710687299999952 0.798842 0.574415 -0.178602 362.402039 -0.565654 0.818328 0.101856 -32.184006 0.204662 0.019660 0.978635 799.610046 0.000000 0.000000 0.000000 1.000000
1678710688000000000 0.761671 0.624088 -0.174276 356.848633 -0.614844 0.780996 0.109604 -33.652786 0.204512 0.023671 0.978578 806.820801 0.000000 0.000000 0.000000 1.000000
1678710688400000095 0.736015 0.655637 -0.168591 353.329529 -0.646183 0.754655 0.113764 -34.490959 0.201816 0.025209 0.979099 810.896973 0.000000 0.000000 0.000000 1.000000
1678710688799999952 0.706803 0.687758 -0.165582 349.580231 -0.677572 0.725448 0.120921 -35.332424 0.203286 0.026726 0.978755 814.879517 0.000000 0.000000 0.000000 1.000000
1678710689299999952 0.671256 0.723159 -0.162657 344.768066 -0.714371 0.689700 0.118271 -36.325603 0.197713 0.036807 0.979569 819.514160 0.000000 0.000000 0.000000 1.000000
1678710689700000047 0.649808 0.742829 -0.161104 340.868134 -0.735137 0.668061 0.115185 -37.098675 0.193190 0.043586 0.980193 822.957092 0.000000 0.000000 0.000000 1.000000
1678710690099999904 0.634066 0.755019 -0.167053 337.020050 -0.747951 0.653654 0.115352 -37.847084 0.196288 0.051806 0.979177 826.218994 0.000000 0.000000 0.000000 1.000000
1678710690900000095 0.603645 0.779762 -0.166083 329.477020 -0.771003 0.623978 0.127299 -39.291504 0.202895 0.051207 0.977861 832.253174 0.000000 0.000000 0.000000 1.000000
1678710691200000047 0.594144 0.787601 -0.163333 326.704346 -0.778186 0.614214 0.131027 -39.810631 0.203519 0.049255 0.977831 834.347839 0.000000 0.000000 0.000000 1.000000
1678710691599999904 0.583594 0.795393 -0.163610 323.136200 -0.785832 0.603952 0.133078 -40.454826 0.204662 0.050907 0.977508 836.964355 0.000000 0.000000 0.000000 1.000000
1678710692000000000 0.579145 0.798960 -0.162031 319.743774 -0.789637 0.599181 0.132122 -41.066677 0.202646 0.051428 0.977901 839.422424 0.000000 0.000000 0.000000 1.000000
1678710692400000095 0.579048 0.798529 -0.164482 316.579071 -0.790513 0.599266 0.126370 -41.629784 0.199478 0.056851 0.978252 841.685181 0.000000 0.000000 0.000000 1.000000
1678710692700000047 0.581198 0.797409 -0.162316 314.387207 -0.789359 0.600922 0.125722 -42.021328 0.197791 0.055056 0.978697 843.268738 0.000000 0.000000 0.000000 1.000000
1678710693099999904 0.588129 0.792959 -0.159124 311.729218 -0.783154 0.607495 0.132742 -42.499249 0.201926 0.046549 0.978294 845.239258 0.000000 0.000000 0.000000 1.000000
1678710693599999904 0.576054 0.802541 -0.155206 308.791077 -0.790617 0.595252 0.143527 -43.025620 0.207573 0.040029 0.977400 847.426636 0.000000 0.000000 0.000000 1.000000
1678710694000000000 0.520744 0.841598 -0.143315 306.587585 -0.828294 0.538728 0.153950 -43.368290 0.206772 0.038539 0.977630 848.873901 0.000000 0.000000 0.000000 1.000000
1678710694400000095 0.423185 0.897213 -0.126186 304.461914 -0.884247 0.439344 0.158379 -43.632401 0.197539 0.044556 0.979282 849.927917 0.000000 0.000000 0.000000 1.000000
1678710694799999952 0.265334 0.960026 -0.089148 302.310028 -0.944649 0.277357 0.175246 -43.829956 0.192966 0.037715 0.980480 850.598022 0.000000 0.000000 0.000000 1.000000
1678710695400000095 -0.093434 0.995119 -0.031760 298.786438 -0.976849 -0.085460 0.196119 -43.973270 0.192447 0.049349 0.980066 850.747559 0.000000 0.000000 0.000000 1.000000
1678710696099999904 -0.498171 0.864841 0.062255 294.885773 -0.846363 -0.500614 0.181808 -43.848682 0.188401 0.037881 0.981361 849.301880 0.000000 0.000000 0.000000 1.000000
1678710696599999904 -0.681811 0.720361 0.127335 292.330444 -0.707367 -0.693594 0.136236 -43.464985 0.186457 0.002814 0.982459 847.090881 0.000000 0.000000 0.000000 1.000000
1678710697400000095 -0.847005 0.503811 0.169581 288.915741 -0.503091 -0.862762 0.050411 -42.558083 0.171705 -0.042616 0.984226 842.368591 0.000000 0.000000 0.000000 1.000000
1678710698200000047 -0.890748 0.407659 0.200953 286.097351 -0.412374 -0.910800 0.019780 -41.272259 0.191091 -0.065248 0.979401 836.566650 0.000000 0.000000 0.000000 1.000000
1678710698700000047 -0.893336 0.398376 0.207960 284.329224 -0.405584 -0.914017 0.008658 -40.334248 0.193528 -0.076611 0.978099 832.466309 0.000000 0.000000 0.000000 1.000000
1678710699400000095 -0.894781 0.400049 0.198312 281.651825 -0.406883 -0.913455 0.006838 -38.925610 0.183885 -0.074571 0.980115 826.312866 0.000000 0.000000 0.000000 1.000000
1678710700000000000 -0.893874 0.400876 0.200718 279.195923 -0.409471 -0.912322 -0.001427 -37.666103 0.182548 -0.083464 0.979648 820.707642 0.000000 0.000000 0.000000 1.000000
1678710700700000047 -0.894510 0.400228 0.199173 276.202515 -0.410955 -0.911549 -0.013938 -36.125534 0.175978 -0.094319 0.979865 813.808533 0.000000 0.000000 0.000000 1.000000
1678710701299999952 -0.897114 0.399806 0.187995 273.498505 -0.408710 -0.912614 -0.009529 -34.799427 0.167757 -0.085384 0.982124 807.655823 0.000000 0.000000 0.000000 1.000000
1678710702000000000 -0.899418 0.398026 0.180616 270.310638 -0.406378 -0.913648 -0.010234 -33.256908 0.160946 -0.082603 0.983500 800.326965 0.000000 0.000000 0.000000 1.000000
1678710702599999904 -0.895540 0.407189 0.179457 267.493896 -0.415275 -0.909658 -0.008319 -31.936405 0.159857 -0.081974 0.983731 793.910156 0.000000 0.000000 0.000000 1.000000
1678710703099999904 -0.887259 0.427668 0.172836 265.006042 -0.435012 -0.900410 -0.005157 -30.848125 0.153417 -0.079761 0.984937 788.511292 0.000000 0.000000 0.000000 1.000000
1678710703400000095 -0.881311 0.442419 0.166000 263.438721 -0.449393 -0.893320 -0.005015 -30.194693 0.146072 -0.079019 0.986113 785.258240 0.000000 0.000000 0.000000 1.000000
1678710703799999952 -0.874847 0.456672 0.161532 261.198059 -0.462095 -0.886819 0.004476 -29.356630 0.145294 -0.070727 0.986857 780.875061 0.000000 0.000000 0.000000 1.000000
1678710704400000095 -0.879487 0.449762 0.155620 257.717529 -0.451290 -0.891957 0.027403 -28.098286 0.151131 -0.046129 0.987437 774.248840 0.000000 0.000000 0.000000 1.000000
1678710704900000095 -0.894263 0.421811 0.149563 254.913162 -0.420831 -0.906269 0.039722 -27.067091 0.152300 -0.027419 0.987954 768.554993 0.000000 0.000000 0.000000 1.000000
1678710705599999904 -0.911836 0.383998 0.145262 251.290588 -0.382471 -0.923126 0.039430 -25.663593 0.149236 -0.019605 0.988607 760.361450 0.000000 0.000000 0.000000 1.000000
1678710706200000047 -0.921507 0.361707 0.141399 248.398743 -0.358994 -0.932247 0.045153 -24.474960 0.148151 -0.009153 0.988922 753.151978 0.000000 0.000000 0.000000 1.000000
1678710706900000095 -0.926525 0.345687 0.148497 245.173584 -0.343229 -0.938280 0.042707 -23.046251 0.154095 -0.011400 0.987990 744.585938 0.000000 0.000000 0.000000 1.000000
1678710707599999904 -0.929569 0.337092 0.149231 242.046143 -0.335144 -0.941368 0.038786 -21.570433 0.153556 -0.013960 0.988041 735.942505 0.000000 0.000000 0.000000 1.000000
1678710708200000047 -0.934598 0.322665 0.149713 239.453796 -0.321588 -0.946338 0.032031 -20.325348 0.152015 -0.018210 0.988210 728.479797 0.000000 0.000000 0.000000 1.000000
1678710708500000000 -0.936756 0.317324 0.147627 238.178177 -0.316777 -0.948092 0.027834 -19.687057 0.148796 -0.020691 0.988651 724.676270 0.000000 0.000000 0.000000 1.000000
1678710709000000000 -0.938642 0.309283 0.152627 236.095764 -0.307506 -0.950876 0.035719 -18.629145 0.156177 -0.013406 0.987638 718.343506 0.000000 0.000000 0.000000 1.000000
1678710709500000000 -0.942742 0.300711 0.144258 234.081467 -0.299054 -0.953646 0.033558 -17.578321 0.147662 -0.011504 0.988971 712.082458 0.000000 0.000000 0.000000 1.000000
1678710709799999952 -0.944896 0.296946 0.137821 232.941666 -0.295964 -0.954787 0.028040 -16.979450 0.139916 -0.014295 0.990060 708.376160 0.000000 0.000000 0.000000 1.000000
1678710710299999952 -0.944763 0.294661 0.143520 231.089874 -0.294527 -0.955374 0.022667 -15.983229 0.143795 -0.020855 0.989388 702.301025 0.000000 0.000000 0.000000 1.000000
1678710711000000000 -0.944947 0.296376 0.138697 228.526230 -0.295597 -0.954941 0.026662 -14.663200 0.140349 -0.015804 0.989976 693.958923 0.000000 0.000000 0.000000 1.000000
1678710711700000047 -0.944521 0.300696 0.132143 226.009354 -0.301207 -0.953414 0.016589 -13.423447 0.130975 -0.024134 0.991092 685.772583 0.000000 0.000000 0.000000 1.000000
1678710712099999904 -0.944497 0.300794 0.132095 224.547012 -0.300756 -0.953476 0.020721 -12.718657 0.132182 -0.020158 0.991020 681.115479 0.000000 0.000000 0.000000 1.000000
1678710712599999904 -0.943871 0.301043 0.135946 222.699875 -0.300352 -0.953472 0.026064 -11.857135 0.137467 -0.016231 0.990373 675.269653 0.000000 0.000000 0.000000 1.000000
1678710713099999904 -0.945119 0.300526 0.128199 220.820786 -0.298689 -0.953752 0.033780 -10.956025 0.132422 -0.006366 0.991173 669.364441 0.000000 0.000000 0.000000 1.000000
1678710713500000000 -0.946839 0.295446 0.127312 219.361984 -0.294497 -0.955281 0.026645 -10.264935 0.129491 -0.012265 0.991505 664.647339 0.000000 0.000000 0.000000 1.000000
1678710714200000047 -0.947339 0.295061 0.124447 216.802200 -0.293677 -0.955442 0.029748 -9.084876 0.127679 -0.008366 0.991780 656.288574 0.000000 0.000000 0.000000 1.000000
1678710714900000095 -0.944398 0.304640 0.123720 214.191437 -0.304650 -0.952269 0.019302 -7.913224 0.123695 -0.019462 0.992129 647.858398 0.000000 0.000000 0.000000 1.000000
1678710715400000095 -0.945325 0.305493 0.114168 212.242264 -0.304560 -0.952139 0.025963 -7.085508 0.116636 -0.010228 0.993122 641.733459 0.000000 0.000000 0.000000 1.000000
1678710716000000000 -0.945844 0.303469 0.115260 209.869965 -0.300737 -0.952833 0.040820 -6.124529 0.122211 0.003946 0.992496 634.370361 0.000000 0.000000 0.000000 1.000000
1678710716700000047 -0.945920 0.303573 0.114363 207.119843 -0.299874 -0.952736 0.048685 -4.980612 0.123738 0.011757 0.992245 625.699463 0.000000 0.000000 0.000000 1.000000
1678710717200000047 -0.945269 0.305077 0.115737 205.164047 -0.302137 -0.952313 0.042582 -4.180925 0.123209 0.005283 0.992367 619.505554 0.000000 0.000000 0.000000 1.000000
1678710717700000047 -0.945649 0.304404 0.114394 203.169708 -0.300649 -0.952466 0.049182 -3.356711 0.123927 0.012116 0.992217 613.286011 0.000000 0.000000 0.000000 1.000000
1678710718099999904 -0.946140 0.303379 0.113053 201.572647 -0.300456 -0.952850 0.042471 -2.695777 0.120607 0.006217 0.992681 608.254883 0.000000 0.000000 0.000000 1.000000
1678710718700000047 -0.945764 0.303716 0.115267 199.173477 -0.301597 -0.952762 0.035819 -1.673635 0.120701 -0.000888 0.992689 600.649536 0.000000 0.000000 0.000000 1.000000
1678710719400000095 -0.946325 0.303620 0.110831 196.358429 -0.301916 -0.952789 0.032257 -0.528120 0.115392 -0.002936 0.993316 591.785461 0.000000 0.000000 0.000000 1.000000
1678710720000000000 -0.946083 0.304081 0.111631 193.973328 -0.303704 -0.952540 0.020780 0.452151 0.112652 -0.014243 0.993532 584.152344 0.000000 0.000000 0.000000 1.000000
1678710720400000095 -0.946412 0.304931 0.106401 192.344147 -0.303494 -0.952366 0.029849 1.092110 0.110434 -0.004043 0.993875 579.068726 0.000000 0.000000 0.000000 1.000000
1678710720700000047 -0.945419 0.307270 0.108482 191.103241 -0.305193 -0.951622 0.035669 1.557039 0.114193 0.000614 0.993458 575.235779 0.000000 0.000000 0.000000 1.000000
1678710721400000095 -0.944019 0.311100 0.109753 188.271301 -0.310496 -0.950297 0.022995 2.691506 0.111452 -0.012370 0.993693 566.329468 0.000000 0.000000 0.000000 1.000000
1678710722000000000 -0.945174 0.307314 0.110472 185.819244 -0.306706 -0.951529 0.022885 3.656421 0.112151 -0.012252 0.993616 558.714844 0.000000 0.000000 0.000000 1.000000
1678710722500000000 -0.946217 0.303417 0.112300 183.768387 -0.301839 -0.952848 0.031217 4.459002 0.116476 -0.004358 0.993184 552.341370 0.000000 0.000000 0.000000 1.000000
1678710722900000095 -0.946958 0.301377 0.111548 182.162613 -0.299848 -0.953495 0.030643 5.123760 0.115595 -0.004430 0.993287 547.231079 0.000000 0.000000 0.000000 1.000000
1678710723299999952 -0.947096 0.301660 0.109593 180.586212 -0.300691 -0.953376 0.025656 5.763391 0.112223 -0.008656 0.993645 542.137512 0.000000 0.000000 0.000000 1.000000
1678710723799999952 -0.946436 0.303717 0.109616 178.575333 -0.302762 -0.952721 0.025656 6.571848 0.112226 -0.008905 0.993643 535.729431 0.000000 0.000000 0.000000 1.000000
1678710724400000095 -0.944595 0.309875 0.108252 176.127075 -0.308096 -0.950775 0.033218 7.525249 0.113217 -0.001974 0.993568 528.117188 0.000000 0.000000 0.000000 1.000000
1678710725200000047 -0.941479 0.317024 0.114508 172.841751 -0.317002 -0.948237 0.018887 8.797890 0.114568 -0.018518 0.993243 517.979309 0.000000 0.000000 0.000000 1.000000
1678710725700000047 -0.941562 0.317192 0.113359 170.712387 -0.315122 -0.948360 0.036219 9.627061 0.118994 -0.001619 0.992894 511.617828 0.000000 0.000000 0.000000 1.000000
1678710726099999904 -0.940819 0.315919 0.122701 169.027054 -0.315114 -0.948686 0.026430 10.321843 0.124755 -0.013799 0.992092 506.497040 0.000000 0.000000 0.000000 1.000000
1678710727099999904 -0.942635 0.310218 0.123302 164.896133 -0.310502 -0.950413 0.017401 12.072940 0.122586 -0.021882 0.992217 493.824493 0.000000 0.000000 0.000000 1.000000
1678710727700000047 -0.942910 0.306782 0.129634 162.488098 -0.308892 -0.951089 0.004009 13.176938 0.124523 -0.036263 0.991554 486.254120 0.000000 0.000000 0.000000 1.000000
1678710728400000095 -0.943745 0.304230 0.129575 159.737228 -0.306621 -0.951831 0.001570 14.441655 0.123811 -0.038249 0.991568 477.604340 0.000000 0.000000 0.000000 1.000000
1678710729099999904 -0.946247 0.294466 0.133812 157.067596 -0.296345 -0.955061 0.006110 15.718350 0.129598 -0.033873 0.990988 469.114471 0.000000 0.000000 0.000000 1.000000
1678710729799999952 -0.950898 0.281043 0.129646 154.555237 -0.284017 -0.958808 -0.004669 16.963182 0.122993 -0.041262 0.991549 460.531433 0.000000 0.000000 0.000000 1.000000
1678710730500000000 -0.955730 0.259588 0.138544 152.162521 -0.263408 -0.964636 -0.009660 18.247551 0.131137 -0.045726 0.990309 451.900696 0.000000 0.000000 0.000000 1.000000
1678710731299999952 -0.964201 0.228244 0.134985 149.729416 -0.232772 -0.972354 -0.018554 19.699474 0.127019 -0.049310 0.990674 441.983795 0.000000 0.000000 0.000000 1.000000
1678710731599999904 -0.967025 0.217706 0.132160 148.881561 -0.222151 -0.974814 -0.019691 20.243629 0.124544 -0.048401 0.991033 438.223572 0.000000 0.000000 0.000000 1.000000
1678710732000000000 -0.969571 0.204248 0.134961 147.837219 -0.209212 -0.977587 -0.023534 20.969021 0.127130 -0.051053 0.990571 433.235046 0.000000 0.000000 0.000000 1.000000
1678710732700000047 -0.972820 0.183989 0.140604 146.219543 -0.191217 -0.980747 -0.039636 22.248283 0.130604 -0.065445 0.989272 424.702423 0.000000 0.000000 0.000000 1.000000
1678710733400000095 -0.977184 0.163974 0.134999 144.805725 -0.170276 -0.984722 -0.036462 23.513851 0.126957 -0.058618 0.990175 416.413300 0.000000 0.000000 0.000000 1.000000
1678710734000000000 -0.979173 0.149820 0.137018 143.753281 -0.156423 -0.986932 -0.038701 24.556746 0.129429 -0.059328 0.989812 409.543335 0.000000 0.000000 0.000000 1.000000
1678710734500000000 -0.980897 0.137083 0.138023 142.960510 -0.143034 -0.989130 -0.034116 25.390280 0.131846 -0.053206 0.989841 404.021790 0.000000 0.000000 0.000000 1.000000
1678710735099999904 -0.983863 0.114508 0.137486 142.179718 -0.120756 -0.991955 -0.037977 26.338116 0.132031 -0.053967 0.989775 397.605896 0.000000 0.000000 0.000000 1.000000
1678710735500000000 -0.987714 0.088242 0.128974 141.765961 -0.093257 -0.995083 -0.033363 26.954102 0.125396 -0.044981 0.991087 393.499756 0.000000 0.000000 0.000000 1.000000
1678710736099999904 -0.991254 0.009213 0.131648 141.512589 -0.014750 -0.999044 -0.041148 27.799084 0.131143 -0.042730 0.990442 387.628632 0.000000 0.000000 0.000000 1.000000
1678710736599999904 -0.989032 -0.067137 0.131563 141.732315 0.060459 -0.996703 -0.054110 28.471703 0.134762 -0.045563 0.989830 382.848175 0.000000 0.000000 0.000000 1.000000
1678710736900000095 -0.986228 -0.101214 0.130804 142.036697 0.093145 -0.993435 -0.066418 28.870611 0.136668 -0.053320 0.989181 379.983490 0.000000 0.000000 0.000000 1.000000
1678710737200000047 -0.983198 -0.130980 0.127146 142.412430 0.121969 -0.989599 -0.076274 29.272234 0.135814 -0.059485 0.988947 377.087219 0.000000 0.000000 0.000000 1.000000
1678710738000000000 -0.969249 -0.220461 0.109331 143.800018 0.211231 -0.973287 -0.089962 30.254942 0.126243 -0.064102 0.989926 369.775299 0.000000 0.000000 0.000000 1.000000
1678710738700000047 -0.938338 -0.330920 0.100067 145.572464 0.323470 -0.942528 -0.083715 30.981934 0.122019 -0.046184 0.991453 363.726105 0.000000 0.000000 0.000000 1.000000
1678710739299999952 -0.889430 -0.449113 0.084926 147.729202 0.443587 -0.892958 -0.076534 31.539450 0.110208 -0.030399 0.993444 358.742798 0.000000 0.000000 0.000000 1.000000
1678710739799999952 -0.833626 -0.547302 0.074351 150.081284 0.542955 -0.836715 -0.071474 31.947393 0.101329 -0.019213 0.994667 354.762817 0.000000 0.000000 0.000000 1.000000
1678710740299999952 -0.764004 -0.642127 0.063011 153.001404 0.638147 -0.766439 -0.073072 32.305054 0.095215 -0.015617 0.995334 350.923981 0.000000 0.000000 0.000000 1.000000
1678710740900000095 -0.657080 -0.752808 0.039076 157.161728 0.748484 -0.657708 -0.084809 32.658291 0.089546 -0.026479 0.995631 346.772675 0.000000 0.000000 0.000000 1.000000
1678710741700000047 -0.468751 -0.883313 -0.005529 163.838821 0.880240 -0.466579 -0.086495 32.846867 0.073823 -0.045412 0.996237 342.343567 0.000000 0.000000 0.000000 1.000000
1678710742400000095 -0.362883 -0.931584 -0.021618 170.605820 0.928728 -0.359682 -0.089963 32.777271 0.076033 -0.052723 0.995710 339.433868 0.000000 0.000000 0.000000 1.000000
1678710743099999904 -0.322716 -0.945887 -0.033950 177.955307 0.943868 -0.318942 -0.085955 32.613255 0.070476 -0.059784 0.995720 336.839783 0.000000 0.000000 0.000000 1.000000
1678710744000000000 -0.327537 -0.943364 -0.052759 188.067719 0.942297 -0.322053 -0.091426 32.164913 0.069257 -0.079660 0.994413 333.487640 0.000000 0.000000 0.000000 1.000000
1678710744700000047 -0.356712 -0.930916 -0.078429 195.960846 0.932808 -0.350313 -0.084559 31.706207 0.051243 -0.103322 0.993327 330.649597 0.000000 0.000000 0.000000 1.000000
1678710745500000000 -0.415745 -0.904363 -0.096354 204.971497 0.908712 -0.408700 -0.084898 30.967901 0.037398 -0.122854 0.991720 326.934143 0.000000 0.000000 0.000000 1.000000
1678710746099999904 -0.470487 -0.878644 -0.081400 211.418701 0.881745 -0.464559 -0.081915 30.419973 0.034159 -0.110314 0.993310 323.776978 0.000000 0.000000 0.000000 1.000000
1678710746400000095 -0.506237 -0.858676 -0.079994 214.486160 0.861839 -0.500402 -0.082644 30.182295 0.030936 -0.110780 0.993363 322.065552 0.000000 0.000000 0.000000 1.000000
1678710746700000047 -0.547896 -0.833237 -0.074341 217.434143 0.835998 -0.542151 -0.084734 29.960333 0.030299 -0.108574 0.993626 320.242737 0.000000 0.000000 0.000000 1.000000
1678710747599999904 -0.663792 -0.745825 -0.055899 225.302948 0.747318 -0.658412 -0.089498 29.453773 0.029945 -0.101182 0.994417 314.230774 0.000000 0.000000 0.000000 1.000000
1678710748200000047 -0.727167 -0.685514 -0.036045 229.840195 0.685721 -0.722942 -0.084509 29.256079 0.031874 -0.086169 0.995771 309.829742 0.000000 0.000000 0.000000 1.000000
1678710748599999904 -0.766039 -0.642156 -0.028644 232.478485 0.642104 -0.762391 -0.080391 29.196117 0.029785 -0.079975 0.996352 306.848877 0.000000 0.000000 0.000000 1.000000
1678710749299999952 -0.828479 -0.559869 -0.012976 236.349457 0.558784 -0.824891 -0.085526 29.178312 0.037180 -0.078108 0.996251 301.775085 0.000000 0.000000 0.000000 1.000000
1678710749799999952 -0.873953 -0.485880 -0.011256 238.352936 0.485356 -0.871340 -0.072079 29.212048 0.025214 -0.068457 0.997335 298.446014 0.000000 0.000000 0.000000 1.000000
1678710750400000095 -0.933629 -0.357955 0.014306 239.966354 0.357172 -0.933184 -0.039953 29.276144 0.027651 -0.032192 0.999099 294.830292 0.000000 0.000000 0.000000 1.000000
1678710751200000047 -0.997602 -0.051694 0.046011 240.793411 0.052275 -0.998566 0.011506 29.456984 0.045350 0.013884 0.998875 290.411865 0.000000 0.000000 0.000000 1.000000
1678710752000000000 -0.920137 0.389070 0.044418 239.888611 -0.387914 -0.921120 0.032566 29.729939 0.053585 0.012734 0.998482 285.977142 0.000000 0.000000 0.000000 1.000000
1678710752400000095 -0.789600 0.613434 0.015164 238.526245 -0.612990 -0.789668 0.025851 29.827835 0.027833 0.011116 0.999551 283.874969 0.000000 0.000000 0.000000 1.000000
1678710753500000000 -0.443064 0.896454 -0.007996 231.704987 -0.895759 -0.442325 0.044321 29.856390 0.036195 0.026799 0.998985 279.331604 0.000000 0.000000 0.000000 1.000000
1678710754200000047 -0.461437 0.887080 -0.012878 225.945160 -0.885697 -0.459783 0.064346 29.821358 0.051159 0.041097 0.997845 276.550232 0.000000 0.000000 0.000000 1.000000
1678710755000000000 -0.518847 0.854789 -0.011567 218.754349 -0.852914 -0.516701 0.074545 29.776173 0.057744 0.048543 0.997151 272.468719 0.000000 0.000000 0.000000 1.000000
1678710755799999952 -0.575852 0.817537 -0.005210 211.331436 -0.815452 -0.573903 0.075320 29.793617 0.058587 0.047621 0.997146 267.563568 0.000000 0.000000 0.000000 1.000000
1678710756299999952 -0.601222 0.799032 -0.008906 206.669144 -0.797252 -0.599055 0.074315 29.817345 0.054045 0.051780 0.997195 264.124359 0.000000 0.000000 0.000000 1.000000
1678710757000000000 -0.629221 0.777111 -0.013427 200.461594 -0.776190 -0.627395 0.062493 29.871132 0.040139 0.049744 0.997955 259.202637 0.000000 0.000000 0.000000 1.000000
1678710757900000095 -0.671032 0.741305 -0.013498 193.696686 -0.740803 -0.669607 0.053275 29.909496 0.030455 0.045748 0.998489 253.275909 0.000000 0.000000 0.000000 1.000000
1678710758500000000 -0.637105 0.770592 -0.016919 189.887726 -0.770592 -0.636316 0.035913 29.934654 0.016908 0.035918 0.999212 249.850037 0.000000 0.000000 0.000000 1.000000
1678710759299999952 -0.412637 0.910757 -0.015899 185.100906 -0.910694 -0.412116 0.028228 29.941219 0.019156 0.026127 0.999475 246.749908 0.000000 0.000000 0.000000 1.000000
1678710760099999904 0.007116 0.998966 -0.044908 179.938583 -0.999962 0.006879 -0.005411 29.848516 -0.005096 0.044944 0.998976 245.754501 0.000000 0.000000 0.000000 1.000000
1678710761000000000 0.497745 0.865982 -0.048207 174.090591 -0.866842 0.498551 0.005588 29.585217 0.028873 0.039007 0.998822 247.612854 0.000000 0.000000 0.000000 1.000000
1678710761700000047 0.680703 0.731184 -0.044868 170.126862 -0.726375 0.681631 0.088080 29.333958 0.094987 -0.027365 0.995102 250.986694 0.000000 0.000000 0.000000 1.000000
1678710762599999904 0.652740 0.757291 -0.021003 164.597839 -0.751491 0.650752 0.108553 29.126831 0.095874 -0.055073 0.993869 256.167664 0.000000 0.000000 0.000000 1.000000
1678710763400000095 0.558715 0.829323 -0.007818 158.397629 -0.822788 0.555448 0.120406 29.026268 0.104198 -0.060840 0.992694 260.843445 0.000000 0.000000 0.000000 1.000000
1678710764099999904 0.476476 0.879151 -0.007935 151.998703 -0.873064 0.474202 0.113545 28.989452 0.103586 -0.047174 0.993501 264.609039 0.000000 0.000000 0.000000 1.000000
1678710764599999904 0.431628 0.901990 -0.010546 147.154541 -0.895942 0.430034 0.111170 29.003296 0.104809 -0.038536 0.993745 267.033295 0.000000 0.000000 0.000000 1.000000
1678710765000000000 0.415026 0.909767 -0.008752 143.102798 -0.903285 0.413181 0.115574 29.000637 0.108762 -0.040060 0.993260 268.889984 0.000000 0.000000 0.000000 1.000000
1678710765400000095 0.399564 0.916685 -0.006055 139.055084 -0.909380 0.397196 0.123547 29.019924 0.115659 -0.043859 0.992320 270.697784 0.000000 0.000000 0.000000 1.000000
1678710766000000000 0.379677 0.924919 -0.019225 132.798203 -0.918361 0.379329 0.112792 29.000080 0.111616 -0.025169 0.993433 273.280121 0.000000 0.000000 0.000000 1.000000
1678710766500000000 0.369679 0.929075 -0.012537 127.603943 -0.922980 0.368741 0.110172 28.993359 0.106981 -0.029156 0.993834 275.336792 0.000000 0.000000 0.000000 1.000000
1678710767099999904 0.368624 0.929492 -0.012709 121.434135 -0.922901 0.367577 0.114635 28.995430 0.111224 -0.030528 0.993326 277.739929 0.000000 0.000000 0.000000 1.000000
1678710767500000000 0.379368 0.925046 -0.019225 117.394737 -0.918641 0.379057 0.111423 28.975277 0.110359 -0.024609 0.993587 279.350800 0.000000 0.000000 0.000000 1.000000
1678710767900000095 0.396080 0.917717 -0.030286 113.398453 -0.911715 0.396979 0.105752 28.924833 0.109074 -0.014274 0.993931 280.993683 0.000000 0.000000 0.000000 1.000000
1678710768500000000 0.432556 0.900965 -0.034020 107.612663 -0.893366 0.433387 0.118630 28.815208 0.121625 -0.020922 0.992356 283.635223 0.000000 0.000000 0.000000 1.000000
1678710769099999904 0.494855 0.867806 -0.045066 102.073074 -0.859710 0.496473 0.120054 28.656881 0.126558 -0.020665 0.991744 286.535797 0.000000 0.000000 0.000000 1.000000
1678710769599999904 0.568233 0.821721 -0.043420 97.669853 -0.815457 0.569397 0.104004 28.475372 0.110185 -0.023692 0.993629 289.276672 0.000000 0.000000 0.000000 1.000000
1678710770200000047 0.662049 0.746088 -0.071016 92.699669 -0.738103 0.665516 0.110871 28.141926 0.129982 -0.020985 0.991294 293.212677 0.000000 0.000000 0.000000 1.000000
1678710770799999952 0.746907 0.659508 -0.084727 88.233208 -0.652065 0.751430 0.100815 27.681660 0.130155 -0.020052 0.991291 297.708313 0.000000 0.000000 0.000000 1.000000
1678710771299999952 0.806463 0.583274 -0.097001 84.914444 -0.576240 0.812066 0.092174 27.223248 0.132534 -0.018439 0.991007 301.876282 0.000000 0.000000 0.000000 1.000000
1678710771900000095 0.862694 0.492977 -0.112839 81.366676 -0.488174 0.870032 0.068780 26.589443 0.132081 -0.004251 0.991230 307.330261 0.000000 0.000000 0.000000 1.000000
1678710772400000095 0.902967 0.413007 -0.118643 78.846283 -0.407525 0.910629 0.068397 26.003214 0.136288 -0.013410 0.990578 312.261993 0.000000 0.000000 0.000000 1.000000
1678710773000000000 0.942107 0.311606 -0.123839 76.377487 -0.305624 0.949920 0.065164 25.264795 0.137943 -0.023544 0.990160 318.595001 0.000000 0.000000 0.000000 1.000000
1678710773599999904 0.967468 0.213875 -0.135138 74.478806 -0.211768 0.976861 0.029946 24.459423 0.138416 -0.000354 0.990374 325.295563 0.000000 0.000000 0.000000 1.000000
1678710774099999904 0.983400 0.143668 -0.110835 73.464149 -0.138006 0.988778 0.057208 23.834980 0.117810 -0.040962 0.992191 331.093964 0.000000 0.000000 0.000000 1.000000
1678710774700000047 0.988411 0.067240 -0.136094 72.681160 -0.062028 0.997182 0.042190 22.975899 0.138547 -0.033259 0.989797 338.268585 0.000000 0.000000 0.000000 1.000000
1678710775200000047 0.989716 -0.002333 -0.143027 72.460442 0.007563 0.999322 0.036036 22.187258 0.142846 -0.036748 0.989062 344.267059 0.000000 0.000000 0.000000 1.000000
1678710775700000047 0.986787 -0.072860 -0.144716 72.689667 0.077268 0.996695 0.025072 21.368206 0.142411 -0.035923 0.989156 350.303253 0.000000 0.000000 0.000000 1.000000
1678710776400000095 0.977673 -0.153536 -0.143464 73.660782 0.157973 0.987241 0.019996 20.235992 0.138563 -0.042213 0.989454 358.737823 0.000000 0.000000 0.000000 1.000000
1678710776900000095 0.971379 -0.189710 -0.142943 74.712700 0.194856 0.980567 0.022778 19.427431 0.135844 -0.049979 0.989469 364.747101 0.000000 0.000000 0.000000 1.000000
1678710777400000095 0.965850 -0.215524 -0.143817 75.955345 0.219890 0.975409 0.014995 18.617529 0.137049 -0.046107 0.989491 370.687836 0.000000 0.000000 0.000000 1.000000
1678710777700000047 0.963093 -0.228276 -0.142627 76.754570 0.232438 0.972524 0.013003 18.142092 0.135740 -0.045675 0.989691 374.225922 0.000000 0.000000 0.000000 1.000000
1678710778200000047 0.961100 -0.239071 -0.138321 78.151611 0.242772 0.970029 0.010284 17.369171 0.131716 -0.043464 0.990334 380.073639 0.000000 0.000000 0.000000 1.000000
1678710779000000000 0.963128 -0.228471 -0.142072 80.475838 0.237281 0.970240 0.048287 16.121731 0.126812 -0.080218 0.988678 389.396088 0.000000 0.000000 0.000000 1.000000
1678710779700000047 0.964032 -0.226406 -0.139222 82.338684 0.232916 0.971964 0.032178 15.053671 0.128033 -0.063448 0.989738 397.531952 0.000000 0.000000 0.000000 1.000000
1678710780200000047 0.966522 -0.217930 -0.135433 83.615273 0.222253 0.974832 0.017477 14.290001 0.128216 -0.046993 0.990632 403.326538 0.000000 0.000000 0.000000 1.000000
1678710780599999904 0.971115 -0.195844 -0.136313 84.593842 0.200253 0.979554 0.019292 13.699262 0.129748 -0.046031 0.990478 407.974945 0.000000 0.000000 0.000000 1.000000
1678710781000000000 0.974217 -0.172654 -0.145227 85.462387 0.178228 0.983641 0.026189 13.079329 0.138330 -0.051397 0.989052 412.651062 0.000000 0.000000 0.000000 1.000000
1678710781400000095 0.978441 -0.151339 -0.140533 86.201294 0.156646 0.987274 0.027438 12.461233 0.134592 -0.048860 0.989696 417.342377 0.000000 0.000000 0.000000 1.000000
1678710781700000047 0.980510 -0.138510 -0.139341 86.709969 0.144046 0.989103 0.030418 11.990150 0.133610 -0.049897 0.989777 420.854614 0.000000 0.000000 0.000000 1.000000
1678710782299999952 0.983308 -0.103659 -0.149531 87.557365 0.110779 0.993036 0.040081 11.043222 0.144335 -0.055977 0.987944 427.909668 0.000000 0.000000 0.000000 1.000000
1678710783200000047 0.987805 -0.058433 -0.144318 88.325714 0.063760 0.997434 0.032564 9.622105 0.142045 -0.041369 0.988995 438.500427 0.000000 0.000000 0.000000 1.000000
1678710783700000047 0.988726 -0.033448 -0.145954 88.547203 0.038526 0.998742 0.032102 8.808170 0.144697 -0.037363 0.988770 444.426178 0.000000 0.000000 0.000000 1.000000
1678710784299999952 0.990032 -0.023485 -0.138868 88.759865 0.030706 0.998273 0.050089 7.878424 0.137452 -0.053853 0.989043 451.552216 0.000000 0.000000 0.000000 1.000000
1678710785000000000 0.988521 -0.027926 -0.148478 88.924477 0.035560 0.998165 0.049012 6.752063 0.146837 -0.053729 0.987700 459.886505 0.000000 0.000000 0.000000 1.000000
1678710785400000095 0.988636 -0.032928 -0.146682 89.076454 0.041580 0.997547 0.056310 6.128849 0.144468 -0.061769 0.987580 464.632690 0.000000 0.000000 0.000000 1.000000
1678710785799999952 0.990431 -0.049485 -0.128834 89.205460 0.055058 0.997679 0.040064 5.521566 0.126553 -0.046774 0.990856 469.380402 0.000000 0.000000 0.000000 1.000000
1678710786099999904 0.987165 -0.064209 -0.146226 89.409332 0.072056 0.996196 0.049011 5.056416 0.142523 -0.058918 0.988036 472.992706 0.000000 0.000000 0.000000 1.000000
1678710786500000000 0.986275 -0.086738 -0.140491 89.741631 0.093247 0.994822 0.040417 4.411897 0.136258 -0.052962 0.989257 477.798096 0.000000 0.000000 0.000000 1.000000
1678710787000000000 0.980781 -0.126976 -0.148138 90.362938 0.132845 0.990671 0.030377 3.586321 0.142898 -0.049472 0.988500 483.769897 0.000000 0.000000 0.000000 1.000000
1678710787500000000 0.974754 -0.165989 -0.149341 91.194458 0.169568 0.985452 0.011468 2.765700 0.145265 -0.036502 0.988719 489.684692 0.000000 0.000000 0.000000 1.000000
1678710788000000000 0.970136 -0.190039 -0.150733 92.219002 0.192594 0.981276 0.002397 1.946391 0.147455 -0.031356 0.988572 495.537170 0.000000 0.000000 0.000000 1.000000
1678710788299999952 0.969138 -0.196307 -0.149113 92.899460 0.198294 0.980141 -0.001572 1.445129 0.146461 -0.028045 0.988819 499.037598 0.000000 0.000000 0.000000 1.000000
1678710788799999952 0.967202 -0.209384 -0.143804 94.078384 0.211423 0.977394 -0.001122 0.630480 0.140788 -0.029318 0.989606 504.838043 0.000000 0.000000 0.000000 1.000000
1678710789299999952 0.963654 -0.227086 -0.140720 95.351646 0.228269 0.973566 -0.007898 -0.174403 0.138794 -0.024511 0.990018 510.660309 0.000000 0.000000 0.000000 1.000000
1678710789700000047 0.960408 -0.239436 -0.142434 96.449760 0.241460 0.970406 -0.003160 -0.808133 0.138976 -0.031358 0.989799 515.282349 0.000000 0.000000 0.000000 1.000000
1678710790299999952 0.956360 -0.257014 -0.138996 98.222420 0.260071 0.965581 0.003987 -1.727255 0.133187 -0.039962 0.990285 522.234558 0.000000 0.000000 0.000000 1.000000
1678710791000000000 0.958153 -0.256615 -0.126852 100.404099 0.261806 0.964775 0.025812 -2.769351 0.115760 -0.057943 0.991586 530.376160 0.000000 0.000000 0.000000 1.000000
1678710792099999904 0.952904 -0.274077 -0.129832 103.798943 0.274975 0.961385 -0.011314 -4.482000 0.127920 -0.024919 0.991471 543.437805 0.000000 0.000000 0.000000 1.000000
1678710792700000047 0.944525 -0.299754 -0.134238 105.979897 0.303146 0.952930 0.005100 -5.390763 0.126391 -0.045511 0.990936 550.605896 0.000000 0.000000 0.000000 1.000000
1678710793299999952 0.941176 -0.306963 -0.141284 108.332115 0.312492 0.949746 0.018215 -6.404749 0.128593 -0.061294 0.989801 557.834595 0.000000 0.000000 0.000000 1.000000
1678710793799999952 0.944188 -0.297604 -0.141212 110.266403 0.304857 0.951848 0.032351 -7.204531 0.124785 -0.073595 0.989451 563.845581 0.000000 0.000000 0.000000 1.000000
1678710794500000000 0.948573 -0.283987 -0.139860 112.862823 0.294832 0.953423 0.063708 -8.368686 0.115253 -0.101667 0.988120 572.180054 0.000000 0.000000 0.000000 1.000000
1678710794900000095 0.949654 -0.278123 -0.144237 114.232117 0.288140 0.956090 0.053541 -9.062745 0.123012 -0.092406 0.988094 577.023987 0.000000 0.000000 0.000000 1.000000
1678710795400000095 0.950911 -0.271599 -0.148328 115.951248 0.283071 0.957076 0.062253 -9.877101 0.125054 -0.101185 0.986977 583.000610 0.000000 0.000000 0.000000 1.000000
1678710795900000095 0.950915 -0.277998 -0.135933 117.588142 0.283824 0.958547 0.025142 -10.713212 0.123309 -0.062489 0.990399 588.969360 0.000000 0.000000 0.000000 1.000000
1678710796400000095 0.946585 -0.286413 -0.148136 119.316338 0.292791 0.955906 0.022730 -11.503474 0.135093 -0.064889 0.988706 594.892517 0.000000 0.000000 0.000000 1.000000
1678710796900000095 0.945131 -0.294741 -0.140906 121.119980 0.303753 0.951595 0.046927 -12.312832 0.120254 -0.087153 0.988910 600.684082 0.000000 0.000000 0.000000 1.000000
1678710797400000095 0.943661 -0.291634 -0.156376 122.906326 0.303313 0.951221 0.056381 -13.174112 0.132306 -0.100635 0.986087 606.511658 0.000000 0.000000 0.000000 1.000000
1678710797900000095 0.946934 -0.293370 -0.131339 124.670784 0.301322 0.952461 0.044987 -14.006538 0.111898 -0.082175 0.990316 612.313110 0.000000 0.000000 0.000000 1.000000
1678710798200000047 0.946229 -0.289796 -0.143770 125.757011 0.300004 0.952361 0.054826 -14.487632 0.121033 -0.095009 0.988091 615.824097 0.000000 0.000000 0.000000 1.000000
1678710798700000047 0.949045 -0.278060 -0.148309 127.499054 0.290461 0.954369 0.069376 -15.324255 0.122251 -0.108919 0.986505 621.637329 0.000000 0.000000 0.000000 1.000000
1678710799299999952 0.950254 -0.274973 -0.146313 129.430283 0.284300 0.957593 0.046786 -16.317034 0.127244 -0.086055 0.988131 628.579468 0.000000 0.000000 0.000000 1.000000
1678710799799999952 0.948651 -0.278457 -0.150074 131.075027 0.287422 0.956912 0.041341 -17.119350 0.132096 -0.082353 0.987810 634.358032 0.000000 0.000000 0.000000 1.000000
1678710800400000095 0.948067 -0.283208 -0.144783 133.058670 0.291250 0.955919 0.037301 -18.064350 0.127837 -0.077532 0.988760 641.155945 0.000000 0.000000 0.000000 1.000000
1678710800900000095 0.943457 -0.299799 -0.141457 134.722504 0.305795 0.951838 0.022225 -18.889065 0.127981 -0.064225 0.989695 646.851868 0.000000 0.000000 0.000000 1.000000
